subject,time,replica,pair_id,threshold_quantile,xmin_threshold,n_total,n_tail,tail_fraction,pl_alpha_hat,pl_gamma_hat,pl_loglik,pl_mean_loglik_per_clonotype,pl_ks,tln_loglik,tln_mean_loglik_per_clonotype,tln_mu,tln_sigma,delta_loglik_pl_minus_tln,mean_delta_loglik_pl_minus_tln,pl_better
1,1,1,1_1,0.7,3.140046054008792e-05,29144,9459,0.32456080153719463,3.404729266720859,3.404729266720859,92984.60051331809,9.83027809634402,0.26281847975473094,89265.21741002848,9.437067069460669,-9.952840770132934,0.5119560328233037,3719.3831032896123,0.3932110268833505,True
1,1,1,1_1,0.75,3.140046054008792e-05,29144,9459,0.32456080153719463,3.404729266720859,3.404729266720859,92984.60051331809,9.83027809634402,0.26281847975473094,89265.21741002848,9.437067069460669,-9.952840770132934,0.5119560328233037,3719.3831032896123,0.3932110268833505,True
1,1,1,1_1,0.8,3.663387063010258e-05,29144,6973,0.2392602250892122,3.4393006287615644,3.4393006287615644,67612.2658686057,9.69629511954764,0.24551842822314643,64709.803846777424,9.280052179374362,-9.804583748884795,0.5214508360910429,2902.4620218282726,0.41624294017327873,True
1,1,1,1_1,0.85,4.186728072011723e-05,29144,5261,0.1805174306889926,3.4400565350624275,3.4400565350624275,50311.998173097556,9.563200565120235,0.22714312868275993,48014.81303563669,9.126556364880573,-9.671179355975994,0.5365735332877766,2297.185137460867,0.43664420023966294,True
1,1,1,1_1,0.9,5.233410090014654e-05,29144,3183,0.10921630524293165,3.3721349229378745,3.3721349229378745,29602.191417558148,9.300091554369509,0.20672321709079486,28108.820416221668,8.830920646001152,-9.43630119334335,0.5779288473423907,1493.3710013364798,0.46917090836835684,True
1,1,1,1_1,0.95,6.803433117019049e-05,29144,1677,0.057541861103486136,3.125003497526994,3.125003497526994,14889.55323160124,8.878684097555897,0.15802027429934407,14091.639984544783,8.40288609692593,-9.124910649285818,0.6513236743093533,797.9132470564564,0.475798000629968,True
1,1,2,1_1,0.7,3.461405330564209e-05,25111,9245,0.3681653458643622,3.566028483976607,3.566028483976607,90821.98205794953,9.82390287268248,0.3141157382368848,86895.88232186623,9.399230105123443,-9.881543506014161,0.5016354802907211,3926.099736083299,0.4246727675590372,True
1,1,2,1_1,0.75,4.153686396677051e-05,25111,6341,0.25251881645494006,3.5916086441839963,3.5916086441839963,61224.55715953262,9.655347288997417,0.28796719760290174,58367.316162164716,9.204749434184626,-9.703068507947055,0.5152448121764559,2857.2409973679023,0.45059785481279013,True
1,1,2,1_1,0.8,4.153686396677051e-05,25111,6341,0.25251881645494006,3.5916086441839963,3.5916086441839963,61224.55715953262,9.655347288997417,0.28796719760290174,58367.316162164716,9.204749434184626,-9.703068507947055,0.5152448121764559,2857.2409973679023,0.45059785481279013,True
1,1,2,1_1,0.85,4.8459674627898926e-05,25111,4515,0.17980168053840948,3.5788909864100718,3.5788909864100718,42867.10056790148,9.494374433643738,0.27995570321151714,40716.66236684089,9.018086902954792,-9.547014977350956,0.5369185219482393,2150.4382010605914,0.476287530688946,True
1,1,2,1_1,0.9,5.5382485289027346e-05,25111,3251,0.12946517462466647,3.469160174296475,3.469160174296475,30234.720172832487,9.300129244181017,0.2488465087665334,28669.28544799171,8.818605182402864,-9.396251161764066,0.564964954974493,1565.4347248407757,0.4815240617781531,True
1,1,2,1_1,0.95,7.61509172724126e-05,25111,1480,0.05893831388634463,3.1413792970092973,3.1413792970092973,12990.337185481316,8.777254855054943,0.1783783783783784,12275.776207009265,8.294443383114368,-9.015804702329525,0.6527950990747363,714.5609784720509,0.48281147194057494,True
1,2,1,1_2,0.7,1.4895103195626798e-05,55710,17809,0.3196733082031951,2.8224492029601254,2.8224492029601254,181045.35399039672,10.165947217159678,0.07075074400583975,176513.3005684861,9.911466144560958,-10.565765904822953,0.5551657437628253,4532.053421910619,0.2544810725987208,True
1,2,1,1_2,0.75,1.7246961594936294e-05,55710,14368,0.2579070184886017,2.9147299306218777,2.9147299306218777,145047.60784667882,10.095184287769962,0.06549276169265034,140909.19742158236,9.807154608963137,-10.445607703478679,0.5539876652315268,4138.410425096459,0.28802967880682484,True
1,2,1,1_2,0.8,1.9598819994245788e-05,55710,11707,0.2101418057799318,2.9853156822488396,2.9853156822488396,117328.96938613983,10.022120900840507,0.06500384385410438,113590.16987275238,9.70275645961838,-10.336342965467392,0.5584957252821345,3738.79951338745,0.3193644412221278,True
1,2,1,1_2,0.85,2.3518583993094945e-05,55710,8378,0.15038592712259918,3.025321723955034,3.025321723955034,82688.34232242926,9.869699489428177,0.05812843160658868,79725.67739915205,9.51607512522703,-10.16397092546196,0.5747000270289122,2962.664923277218,0.353624364201148,True
1,2,1,1_2,0.9,2.8222300791713933e-05,55710,5856,0.10511577813677975,3.0276632886340633,3.0276632886340633,56739.3906525411,9.689103595037755,0.05447404371584699,54476.61526810773,9.302700694690527,-9.98221955433906,0.6013577307529239,2262.775384433371,0.3864029003472287,True
1,2,1,1_2,0.95,3.9197639988491575e-05,55710,2880,0.051696284329563816,2.877230310133151,2.877230310133151,26622.696328978054,9.243991780895158,0.05864649708867009,25422.843757272283,8.827376304608432,-9.61419432962821,0.6780361411962132,1199.852571705771,0.416615476286726,True
1,2,2,1_2,0.7,1.5376932550915954e-05,56043,16943,0.30232143175775744,2.8197691756344687,2.8197691756344687,171663.62078347278,10.131831481052517,0.06327096736115209,167350.23007188964,9.877249015634165,-10.533121814581452,0.5560637147249374,4313.390711583139,0.25458246541835206,True
1,2,2,1_2,0.75,1.6841402317669854e-05,56043,14846,0.2649037346323359,2.876325920064449,2.876325920064449,149766.88443105196,10.08802939721487,0.06372086757375724,145683.99388737624,9.813013194623215,-10.458713830342747,0.5550428943947899,4082.8905436757195,0.27501620259165566,True
1,2,2,1_2,0.8,1.9770341851177654e-05,56043,11548,0.20605606409364238,2.967472859736157,2.967472859736157,115477.82104341139,9.999811313076844,0.059057845514374784,111854.33723445682,9.6860354376911,-10.323061406151687,0.5591220568065901,3623.4838089545665,0.31377587538574353,True
1,2,2,1_2,0.85,2.3431516268062405e-05,56043,8502,0.15170494084899094,3.012297187728389,3.012297187728389,83861.696459998,9.863761051517054,0.055516349094330744,80910.74769895512,9.51667227698837,-10.164484102568773,0.573086423433642,2950.948761042877,0.34708877452868464,True
1,2,2,1_2,0.9,2.8557160451701053e-05,56043,5772,0.10299234516353514,3.0160375383786544,3.0160375383786544,55807.81899546916,9.668714309679341,0.0492030492030492,53601.656095419894,9.286496205027701,-9.967580339416065,0.6012499051519979,2206.1629000492685,0.3822181046516404,True
1,2,2,1_2,0.95,3.954068370235531e-05,56043,2915,0.05201363238941527,2.907728956135407,2.907728956135407,26992.63904045779,9.259910477000957,0.06401879421456691,25756.011675393434,8.835681535297919,-9.613996970598656,0.6744231438096087,1236.6273650643561,0.4242289417030381,True
1,3,1,1_3,0.7,2.652928916427765e-05,36465,11144,0.30560811737282323,3.1101277560915728,3.1101277560915728,109323.80702266115,9.8101047220622,0.09440057430007179,106431.44346856573,9.55056025381961,-10.063356228496477,0.48291596281703764,2892.363554095413,0.2595444682425891,True
1,3,1,1_3,0.75,2.9845450309812354e-05,36465,9218,0.25279034690799396,3.225233360252978,3.225233360252978,90059.3886804214,9.769948869648665,0.09004122369277501,87345.00670977942,9.475483479038774,-9.970087078517516,0.4810504930008812,2714.3819706419745,0.2944653906098909,True
1,3,1,1_3,0.8,3.316161145534706e-05,36465,7640,0.20951597422185658,3.3171946777124868,3.3171946777124868,74283.0979456596,9.722918579274817,0.09005235602094241,71781.1463656642,9.39543800597699,-9.882561315898641,0.4840505348511551,2501.951579995395,0.3274805732978266,True
1,3,1,1_3,0.85,3.813585317364912e-05,36465,5768,0.15817907582613466,3.395109035288824,3.395109035288824,55547.37959300904,9.63026691973111,0.08425797503467407,53430.10421261303,9.26319421161807,-9.756838163687886,0.4953418176228062,2117.275380396015,0.36707270811304005,True
1,3,1,1_3,0.9,4.642625603748588e-05,36465,3723,0.1020979020979021,3.440397021203367,3.440397021203367,35219.71680183623,9.46003674505405,0.07547676604888531,33641.215720729706,9.036050421898928,-9.567876005377425,0.5270073420619996,1578.5010811065222,0.4239863231551228,True
1,3,1,1_3,0.95,6.134898119239206e-05,36465,1838,0.05040449746332099,3.2983403124580533,3.2983403124580533,16718.489679939594,9.096022676789769,0.07112460803522638,15824.95866670601,8.609879579274217,-9.263835417614734,0.6110158609011683,893.5310132335835,0.4861430975155514,True
1,3,2,1_3,0.7,2.654768583822548e-05,36419,11103,0.3048683379554628,3.1065837859983954,3.1065837859983954,108886.38079656157,9.806933333023649,0.09438890389984689,105976.12558069795,9.544819020147523,-10.06186575639628,0.4854805386455151,2910.2552158636245,0.2621143128761258,True
1,3,2,1_3,0.75,2.831753156077385e-05,36419,10055,0.27609214970207857,3.1756139483123413,3.1756139483123413,98435.43335135505,9.789699985216812,0.09617105917454002,95590.62106794197,9.506774845145895,-10.012389085422152,0.4840681100100637,2844.8122834130772,0.2829251400709177,True
1,3,2,1_3,0.8,3.362706872841895e-05,36419,7410,0.20346522419616134,3.315032735615479,3.315032735615479,71933.63975719427,9.70764369192905,0.08758434547908232,69469.58254825008,9.37511235468962,-9.8682198638362,0.4879818407838106,2464.057208944185,0.3325313372394311,True
1,3,2,1_3,0.85,3.893660589606404e-05,36419,5531,0.15187127598231692,3.4072028070603264,3.4072028070603264,53189.531943701266,9.616621215639354,0.08732598083529199,51089.49845949951,9.236936984179987,-9.738155803196202,0.5017455421819678,2100.0334842017546,0.37968423145936625,True
1,3,2,1_3,0.9,4.60159887862575e-05,36419,3839,0.1054120102144485,3.4676554577503143,3.4676554577503143,36411.17659645801,9.484547172820529,0.08257358687158114,34736.09279090506,9.048213803309471,-9.581278680351797,0.5303656144203439,1675.083805552953,0.43633336951105833,True
1,3,2,1_3,0.95,6.017475456664443e-05,36419,1940,0.05326889810263873,3.320443263157555,3.320443263157555,17710.38365131375,9.129063737790593,0.08214839789260048,16748.66755466039,8.633333791062057,-9.287305508656498,0.6133988155793095,961.7160966533593,0.4957299467285357,True
1,4,1,1_4,0.7,1.3986181652527303e-05,60954,22062,0.36194507333398956,3.2516598196350834,3.2516598196350834,232643.60383952316,10.544991561940131,0.19640105158190554,225765.67423691458,10.233236979281777,-10.733323920073355,0.4871448035436136,6877.929602608579,0.3117545826583528,True
1,4,1,1_4,0.75,1.5984207602888346e-05,60954,17729,0.2908586803163041,3.385903753470466,3.385903753470466,186054.4896888095,10.49435894234359,0.19628856675503412,179855.13704769086,10.144685940983184,-10.624780957507255,0.4850996078882367,6199.352641118632,0.3496730013604057,True
1,4,1,1_4,0.8,1.798223355324939e-05,60954,14249,0.2337664468287561,3.4770372271259777,3.4770372271259777,148609.6803095719,10.429481388839351,0.19468032844410135,143163.8199230282,10.047288927154762,-10.522418209326798,0.4892981736331352,5445.8603865437035,0.38219246168458865,True
1,4,1,1_4,0.85,2.1978285453971477e-05,60954,9288,0.1523772024805591,3.538964763228238,3.538964763228238,95326.00154702549,10.263350726423933,0.18690783807062877,91328.28613492777,9.832933477059406,-10.331594302006337,0.511119630614475,3997.715412097721,0.4304172493645264,True
1,4,1,1_4,0.9,2.5974337354693564e-05,60954,6226,0.10214259933720511,3.487685362788021,3.487685362788021,62681.961805305706,10.067774141552475,0.17025377449405718,59819.01786698079,9.607937338095212,-10.156421436574444,0.543817554942084,2862.943938324919,0.45983680345726297,True
1,4,1,1_4,0.95,3.3966441156137736e-05,60954,3131,0.05136660432457263,3.243631376767206,3.243631376767206,30222.062770253004,9.652527234191314,0.14308527626956244,28714.54878847449,9.171047201684603,-9.844431530627604,0.6217215892086577,1507.513981778513,0.4814800325067113,True
1,4,2,1_4,0.7,1.608463736179778e-05,59020,17763,0.30096577431379196,3.327392243944693,3.327392243944693,185671.8241651936,10.4527289402237,0.19264763834937793,179678.9352820428,10.115348493049755,-10.607980508035185,0.4887086160447824,5992.888883150794,0.3373804471739455,True
1,4,2,1_4,0.75,1.608463736179778e-05,59020,17763,0.30096577431379196,3.327392243944693,3.327392243944693,185671.8241651936,10.4527289402237,0.19264763834937793,179678.9352820428,10.115348493049755,-10.607980508035185,0.4887086160447824,5992.888883150794,0.3373804471739455,True
1,4,2,1_4,0.8,1.8095217032022503e-05,59020,14341,0.24298542866824804,3.413082666838902,3.413082666838902,148950.7925988885,10.38636026768625,0.18562164423680358,143695.4633667614,10.019905401768455,-10.505455222683267,0.49118583559751866,5255.329232127115,0.36645486591779614,True
1,4,2,1_4,0.85,2.211637637247195e-05,59020,9546,0.16174178244662826,3.5103320690730575,3.5103320690730575,97763.00668823352,10.241253581419812,0.17944688874921433,93758.02048024224,9.82170757178318,-10.320838538591305,0.5090569178027087,4004.9862079912855,0.41954600963663163,True
1,4,2,1_4,0.9,2.613753571292139e-05,59020,6449,0.1092680447305998,3.475691633304084,3.475691633304084,64842.95637709068,10.054730404262783,0.16715769886804155,61937.695260817665,9.604232479580968,-10.148210599480768,0.5392925148393769,2905.2611162730173,0.4504979246818138,True
1,4,2,1_4,0.95,3.417985439382028e-05,59020,3251,0.05508302270416808,3.242483098009298,3.242483098009298,31357.59747164273,9.645523676297364,0.13195939710858198,29822.40475224785,9.173301984696355,-9.837939898494552,0.6139744566497716,1535.1927193948795,0.4722216916010088,True
1,5,1,1_5,0.7,1.1552966224078033e-05,69167,25554,0.36945364118727136,3.0402688621784897,3.0402688621784897,270655.66249496676,10.591518450926147,0.18916803631525397,262730.6757459535,10.28139139649188,-10.87843685656871,0.5363789892455333,7924.986749013246,0.31012705443426647,True
1,5,1,1_5,0.75,1.3203389970374895e-05,69167,20720,0.2995648213743548,3.1233751853195773,3.1233751853195773,217914.2188730709,10.51709550545709,0.1842181467181467,210955.13281126987,10.181232278536191,-10.764088614223802,0.5345114007069337,6959.086061801034,0.3358632269208993,True
1,5,1,1_5,0.8,1.6504237462968617e-05,69167,13952,0.2017146905316119,3.215597430654003,3.215597430654003,144487.88794343558,10.356069950074223,0.17495699541284404,139212.4588679916,9.977957200974169,-10.560547862559574,0.5438816357117162,5275.429075443972,0.3781127491000553,True
1,5,1,1_5,0.85,1.8154661209265477e-05,69167,11511,0.1664232943455694,3.2136294212178664,3.2136294212178664,118096.75753727678,10.25946985815974,0.16410390061680133,113611.69074594704,9.869836742763187,-10.464836417639914,0.5533324683184639,4485.066791329737,0.3896331153965543,True
1,5,1,1_5,0.9,2.14555087018592e-05,69167,8134,0.11759943325574335,3.1914093870062312,3.1914093870062312,81972.39157373266,10.077746689664698,0.15515121711335136,78627.80293152321,9.666560478426753,-10.293201797118854,0.5762877346638248,3344.588642209448,0.4111862112379454,True
1,5,1,1_5,0.95,2.970762743334351e-05,69167,3831,0.055387684878627094,2.935320221562434,2.935320221562434,36653.740611336354,9.567669175498917,0.09997389715478987,35117.33729594098,9.16662419627799,-9.907396373529444,0.6433011347380224,1536.4033153953715,0.401044979220927,True
1,5,2,1_5,0.7,1.373095902166917e-05,66213,19963,0.30149668494102366,3.1106146745478402,3.1106146745478402,208993.4672092289,10.469041086471417,0.18444121625006263,202357.2797063491,10.136616726261037,-10.72206186645582,0.5351307963100701,6636.187502879795,0.33242436021037897,True
1,5,2,1_5,0.75,1.373095902166917e-05,66213,19963,0.30149668494102366,3.1106146745478402,3.1106146745478402,208993.4672092289,10.469041086471417,0.18444121625006263,202357.2797063491,10.136616726261037,-10.72206186645582,0.5351307963100701,6636.187502879795,0.33242436021037897,True
1,5,2,1_5,0.8,1.716369877708646e-05,66213,13377,0.20202981287662544,3.181738525195017,3.181738525195017,137709.3381640347,10.294485920911617,0.1684981684981685,132810.97946814928,9.928308250590511,-10.51436387331414,0.5430580276658612,4898.3586958854285,0.36617767032110554,True
1,5,2,1_5,0.85,1.8880068654795108e-05,66213,11123,0.16798815942488635,3.193360526986736,3.193360526986736,113531.54020224206,10.20691721677983,0.1569720399172885,109304.63361933384,9.826902240342879,-10.421482361865351,0.5508860830730614,4226.906582908225,0.3800149764369527,True
1,5,2,1_5,0.9,2.4029178287921047e-05,66213,6732,0.10167187712382765,3.1539942976035036,3.1539942976035036,66911.44739443678,9.939311853006057,0.14215686274509803,64163.848027233325,9.531171721217072,-10.1719879216275,0.5837847546246282,2747.599367203453,0.4081401317889859,True
1,5,2,1_5,0.95,3.261102767646428e-05,66213,3416,0.0515910772808965,2.965023749741496,2.965023749741496,32443.339362178027,9.497464684478345,0.1132903981264637,31031.650966355046,9.08420695736389,-9.821960352847718,0.6446458908412854,1411.688395822981,0.4132577271144558,True
1,6,1,1_6,0.7,1.8838156686368238e-05,39669,12983,0.3272832690514003,3.2758067914708655,3.2758067914708655,133238.7664339469,10.262556145262797,0.38057459755064316,126901.65722217745,9.774447910512013,-10.440221522113958,0.6185710977251636,6337.10921176945,0.48810823475078563,True
1,6,1,1_6,0.75,1.8838156686368238e-05,39669,12983,0.3272832690514003,3.2758067914708655,3.2758067914708655,133238.7664339469,10.262556145262797,0.38057459755064316,126901.65722217745,9.774447910512013,-10.440221522113958,0.6185710977251636,6337.10921176945,0.48810823475078563,True
1,6,1,1_6,0.8,2.3547695857960297e-05,39669,8042,0.20272757064710478,3.056635666314342,3.056635666314342,79546.02010360706,9.891323066849921,0.32031832877393684,75890.864586947,9.436814795690998,-10.170251590819195,0.6528503611301124,3655.155516660059,0.45450827115892306,True
1,6,1,1_6,0.85,2.3547695857960297e-05,39669,8042,0.20272757064710478,3.056635666314342,3.056635666314342,79546.02010360706,9.891323066849921,0.32031832877393684,75890.864586947,9.436814795690998,-10.170251590819195,0.6528503611301124,3655.155516660059,0.45450827115892306,True
1,6,1,1_6,0.9,3.296677420114442e-05,39669,4041,0.10186795734704682,2.764030198308821,2.764030198308821,37665.06064914334,9.320727703326737,0.21950012373174957,36065.044991417446,8.924782229996893,-9.753126626665985,0.7006791419378808,1600.0156577258967,0.3959454733298433,True
1,6,1,1_6,0.95,4.7095391715920594e-05,39669,2170,0.054702664549144166,2.6241949667816,2.6241949667816,19166.867987994803,8.83265805898378,0.14055299539170507,18346.866319605997,8.454777105809216,-9.347645771013184,0.7418808768023403,820.0016683888061,0.37788095317456505,True
1,6,2,1_6,0.7,1.8950161076369148e-05,41514,12825,0.3089319265789854,3.314121004162672,3.314121004162672,131848.67608914367,10.280598525469292,0.38580896686159843,125573.2195112604,9.791284172417965,-10.44156860585987,0.6093631304441741,6275.456577883277,0.4893143530513276,True
1,6,2,1_6,0.75,1.8950161076369148e-05,41514,12825,0.3089319265789854,3.314121004162672,3.314121004162672,131848.67608914367,10.280598525469292,0.38580896686159843,125573.2195112604,9.791284172417965,-10.44156860585987,0.6093631304441741,6275.456577883277,0.4893143530513276,True
1,6,2,1_6,0.8,1.8950161076369148e-05,41514,12825,0.3089319265789854,3.314121004162672,3.314121004162672,131848.67608914367,10.280598525469292,0.38580896686159843,125573.2195112604,9.791284172417965,-10.44156860585987,0.6093631304441741,6275.456577883277,0.4893143530513276,True
1,6,2,1_6,0.85,2.3687701345461435e-05,41514,7877,0.18974321915498385,3.0814619536021017,3.0814619536021017,78007.45544114325,9.903193530677067,0.3220769328424527,74444.18581076738,9.45082973349846,-10.170123021547168,0.643114444766028,3563.269630375871,0.452363797178605,True
1,6,2,1_6,0.9,2.8425241614553722e-05,41514,5340,0.12863130510189333,2.8998405256467663,2.8998405256467663,51176.6536102183,9.583642998168221,0.25767790262172285,48953.65400493344,9.167350937253454,-9.941873049388597,0.6695842542249069,2222.9996052848583,0.41629206091476745,True
1,6,2,1_6,0.95,4.737540269092287e-05,41514,2128,0.05125981596569832,2.6832995643829545,2.6832995643829545,18905.34770091674,8.884091964716513,0.15037593984962405,18066.248004076435,8.48977819740434,-9.363336071061177,0.7327032761483071,839.0996968403051,0.39431376731217344,True
2,1,1,2_1,0.7,2.42909079131681e-05,29667,14819,0.4995112414467253,3.4486823670484994,3.4486823670484994,149858.2579741967,10.11257561064827,0.46932991429921045,142169.2736358075,9.593715745718841,-10.217025540130916,0.600266089755404,7688.984338389186,0.5188598649294275,True
2,1,1,2_1,0.75,3.238787721755747e-05,29667,7864,0.2650756733070415,3.075210910806266,3.075210910806266,75383.59959428106,9.585910426536248,0.37627161749745675,71928.70133101584,9.146579518186144,-9.855847634256907,0.6332821239962996,3454.8982632652187,0.43933090835010413,True
2,1,1,2_1,0.8,3.238787721755747e-05,29667,7864,0.2650756733070415,3.075210910806266,3.075210910806266,75383.59959428106,9.585910426536248,0.37627161749745675,71928.70133101584,9.146579518186144,-9.855847634256907,0.6332821239962996,3454.8982632652187,0.43933090835010413,True
2,1,1,2_1,0.85,4.048484652194683e-05,29667,4905,0.16533522095257355,2.8200538405115485,2.8200538405115485,44949.49162019788,9.164014601467457,0.2701325178389399,43175.77690933694,8.802401000884188,-9.565148518117661,0.6468369515438355,1773.7147108609352,0.36161360058326913,True
2,1,1,2_1,0.9,4.85818158263362e-05,29667,3580,0.12067280142919742,2.75295648233942,2.75295648233942,31944.698788868438,8.923100220354312,0.22206703910614525,30739.807037420687,8.586538278609131,-9.361796439401378,0.6482066701168839,1204.8917514477507,0.3365619417451818,True
2,1,1,2_1,0.95,8.096969304389367e-05,29667,1565,0.052752216267232956,2.680121688789434,2.680121688789434,13060.092259144087,8.345106874852451,0.14313099041533547,12575.911925162756,8.03572646975256,-8.826240650257255,0.6509445838449465,484.1803339813305,0.3093804050998917,True
2,1,2,2_1,0.7,3.8981288981288983e-05,19251,9033,0.4692223780582827,3.5001307165221585,3.5001307165221585,87338.20470604091,9.66879272733764,0.48522085685818667,82530.39836952154,9.136543603401034,-9.752449710221523,0.5990562707369247,4807.806336519367,0.5322491239366065,True
2,1,2,2_1,0.75,3.8981288981288983e-05,19251,9033,0.4692223780582827,3.5001307165221585,3.5001307165221585,87338.20470604091,9.66879272733764,0.48522085685818667,82530.39836952154,9.136543603401034,-9.752449710221523,0.5990562707369247,4807.806336519367,0.5322491239366065,True
2,1,2,2_1,0.8,5.197505197505198e-05,19251,4650,0.24154589371980675,3.0436960220392786,3.0436960220392786,42269.41655659213,9.090197108944544,0.36236559139784946,40264.154409872346,8.658957937606957,-9.375437164864504,0.6357711814020389,2005.2621467197823,0.4312391713375876,True
2,1,2,2_1,0.85,6.496881496881497e-05,19251,2965,0.1540179730923069,2.8374278295284014,2.8374278295284014,25812.49177734788,8.705730784940263,0.2741989881956155,24715.315430789207,8.33568817227292,-9.09736411005388,0.6484832126282366,1097.1763465586737,0.37004261266734356,True
2,1,2,2_1,0.9,7.796257796257797e-05,19251,2152,0.1117864007064568,2.7620383124945143,2.7620383124945143,18202.107381997535,8.458228337359449,0.2258364312267658,17461.087437862523,8.11388821462013,-8.891757066327877,0.6520969494422767,741.0199441350123,0.344340122739318,True
2,1,2,2_1,0.95,0.00011694386694386695,19251,1091,0.05667238065555036,2.6580568272275578,2.6580568272275578,8680.374796741862,7.956347201413256,0.14848762603116408,8346.41362608013,7.650241637103694,-8.450700870723248,0.6566883213722958,333.96117066173247,0.3061055643095623,True
2,2,1,2_2,0.7,2.3828813801648953e-05,39419,16006,0.4060478449478678,3.747875238066359,3.747875238066359,164726.1567817902,10.291525476808085,0.37804573285018117,157953.65788023797,9.868402966402472,-10.280697504473405,0.4673969824488764,6772.49890155223,0.4231225104056123,True
2,2,1,2_2,0.75,2.978601725206119e-05,39419,9955,0.2525431898323144,3.76261483948321,3.76261483948321,100303.32699026441,10.075673228554939,0.34816675037669514,96000.01495099768,9.643396780612523,-10.059495591721458,0.470975994959959,4303.312039266733,0.4322764479424142,True
2,2,1,2_2,0.8,2.978601725206119e-05,39419,9955,0.2525431898323144,3.76261483948321,3.76261483948321,100303.32699026441,10.075673228554939,0.34816675037669514,96000.01495099768,9.643396780612523,-10.059495591721458,0.470975994959959,4303.312039266733,0.4322764479424142,True
2,2,1,2_2,0.85,3.5743220702473434e-05,39419,6489,0.16461604809863264,3.6809778543804024,3.6809778543804024,63931.79081232412,9.852333304411175,0.32069656341501,61152.37988521428,9.424006763016532,-9.866151705400188,0.48263165072419967,2779.4109271098423,0.4283265413946436,True
2,2,1,2_2,0.9,4.170042415288567e-05,39419,4408,0.11182424719044116,3.5320391827005877,3.5320391827005877,42400.92950453877,9.619085640775584,0.2749546279491833,40604.67845930521,9.211587672256172,-9.690060661613165,0.4961991004932877,1796.2510452335628,0.4074979685194108,True
2,2,1,2_2,0.95,5.361483105371015e-05,39419,2417,0.06131560922397829,3.3478752573002613,3.3478752573002613,22384.510368368814,9.261278596759956,0.21141911460488208,21452.775876132568,8.875786460956792,-9.40776782341995,0.5187617030564622,931.7344922362463,0.38549213580316355,True
2,2,2,2_2,0.7,3.0362374944968196e-05,33037,12080,0.3656506341374822,3.9068157267612906,3.9068157267612906,122314.17433151475,10.125345557244598,0.39958609271523177,116907.86992528678,9.67780380176215,-10.058287327164056,0.45737007673102603,5406.304406227966,0.4475417554824475,True
2,2,2,2_2,0.75,3.0362374944968196e-05,33037,12080,0.3656506341374822,3.9068157267612906,3.9068157267612906,122314.17433151475,10.125345557244598,0.39958609271523177,116907.86992528678,9.67780380176215,-10.058287327164056,0.45737007673102603,5406.304406227966,0.4475417554824475,True
2,2,2,2_2,0.8,3.795296868121024e-05,33037,7253,0.21954172594363894,3.8585616833020855,3.8585616833020855,71657.13874053932,9.87965514139519,0.3598510960981663,68400.48030746116,9.430646671372006,-9.829336551000361,0.46607351333077507,3256.6584330781625,0.4490084700231852,True
2,2,2,2_2,0.85,3.795296868121024e-05,33037,7253,0.21954172594363894,3.8585616833020855,3.8585616833020855,71657.13874053932,9.87965514139519,0.3598510960981663,68400.48030746116,9.430646671372006,-9.829336551000361,0.46607351333077507,3256.6584330781625,0.4490084700231852,True
2,2,2,2_2,0.9,4.554356241745229e-05,33037,4643,0.14053939522353726,3.7460844443462924,3.7460844443462924,44771.81045558577,9.642862471588579,0.3295283222054706,42711.93550829015,9.199210749147136,-9.632686412950768,0.48153177856618684,2059.8749472956188,0.44365172244144274,True
2,2,2,2_2,0.95,6.831534362617844e-05,33037,1653,0.050034809456064415,3.283872038814318,3.283872038814318,14842.940810006025,8.979395529344238,0.21173623714458562,14230.922567467649,8.609148558661614,-9.153523264157451,0.5219699024538977,612.0182425383755,0.3702469706826228,True
2,3,1,2_3,0.7,2.3271102526659957e-05,34719,14355,0.4134623693078718,3.3531753880029105,3.3531753880029105,144972.66874420986,10.09910614728038,0.37408568443051204,138103.28972733254,9.620570513920763,-10.243340502275188,0.5902227980276052,6869.379016877327,0.47853563335961874,True
2,3,1,2_3,0.75,2.9088878158324947e-05,34719,8985,0.2587920158990754,3.193966156703755,3.193966156703755,87829.00432836145,9.775070042110345,0.3328881469115192,83664.57059590606,9.31158270405187,-9.989359105761986,0.6197843168627333,4164.433732455393,0.4634873380584744,True
2,3,1,2_3,0.8,2.9088878158324947e-05,34719,8985,0.2587920158990754,3.193966156703755,3.193966156703755,87829.00432836145,9.775070042110345,0.3328881469115192,83664.57059590606,9.31158270405187,-9.989359105761986,0.6197843168627333,4164.433732455393,0.4634873380584744,True
2,3,1,2_3,0.85,3.4906653789989934e-05,34719,5994,0.1726432212909358,2.9963446576500803,2.9963446576500803,56662.69312090153,9.45323542223916,0.289622956289623,54093.681306552266,9.024638189281326,-9.76191758508297,0.648401079155718,2569.0118143492655,0.4285972329578354,True
2,3,1,2_3,0.9,4.0724429421654924e-05,34719,4258,0.1226417811572914,2.814916096594814,2.814916096594814,38976.590833080496,9.153731994617308,0.23226867073743543,37343.28697515015,8.770147246395057,-9.55769275574048,0.6692020638540424,1633.3038579303466,0.3835847482222514,True
2,3,1,2_3,0.95,6.399553194831488e-05,34719,1806,0.05201762723580748,2.5028063307268846,2.5028063307268846,15167.889298784863,8.398609799991618,0.11627906976744186,14677.542954584369,8.12710019633686,-8.991275552661785,0.6898180358956968,490.34634420049406,0.2715096036547586,True
2,3,2,2_3,0.7,1.4211691674506783e-05,62707,21752,0.34688312309630503,3.2897635096043825,3.2897635096043825,229552.50581710553,10.55316779225384,0.3036042662743656,219999.89655062236,10.114007748741374,-10.724719250935614,0.5737715575659068,9552.609266483167,0.4391600435124663,True
2,3,2,2_3,0.75,1.4211691674506783e-05,62707,21752,0.34688312309630503,3.2897635096043825,3.2897635096043825,229552.50581710553,10.55316779225384,0.3036042662743656,219999.89655062236,10.114007748741374,-10.724719250935614,0.5737715575659068,9552.609266483167,0.4391600435124663,True
2,3,2,2_3,0.8,1.705403000940814e-05,62707,15148,0.2415679270256909,3.2481902097156414,3.2481902097156414,156697.6882704061,10.344447337629132,0.2888830208608397,149862.8073952562,9.893240519887524,-10.534321796314323,0.5944227145100281,6834.880875149887,0.4512068177416086,True
2,3,2,2_3,0.85,1.9896368344309495e-05,62707,10772,0.17178305452341844,3.1215779456664667,3.1215779456664667,108859.5287431658,10.105786181133105,0.2591904938730041,104125.40306288106,9.66630180680292,-10.353626055319857,0.6195611258878603,4734.125680284749,0.43948437433018467,True
2,3,2,2_3,0.9,2.2738706679210854e-05,62707,7980,0.12725851978248043,2.9891457364848124,2.9891457364848124,78813.82234979983,9.876418840827046,0.23220551378446116,75462.45989142146,9.456448607947552,-10.188713572405224,0.6428327824652755,3351.3624583783676,0.4199702328794947,True
2,3,2,2_3,0.95,3.410806001881628e-05,62707,3395,0.05414068604780965,2.620096024861047,2.620096024861047,31068.374571873144,9.151214895986199,0.1360824742268041,29948.17410979357,8.821258942501787,-9.668729473892993,0.6948404776814492,1120.2004620795742,0.32995595348441065,True
2,4,1,2_4,0.7,2.0229912960799488e-05,40570,13834,0.340990879960562,3.1343941196412675,3.1343941196412675,139695.9256491302,10.098013998057699,0.37682521324273527,133089.54059251494,9.620467008277789,-10.339831176362964,0.6498178989185206,6606.385056615254,0.4775469897799085,True
2,4,1,2_4,0.75,2.0229912960799488e-05,40570,13834,0.340990879960562,3.1343941196412675,3.1343941196412675,139695.9256491302,10.098013998057699,0.37682521324273527,133089.54059251494,9.620467008277789,-10.339831176362964,0.6498178989185206,6606.385056615254,0.4775469897799085,True
2,4,1,2_4,0.8,2.5287391200999356e-05,40570,8621,0.21249691890559527,2.89150594099626,2.89150594099626,83571.10054968484,9.693898683410838,0.30553300081197077,79900.18352220292,9.268087637420592,-10.056525377433333,0.6816225130027305,3670.917027481919,0.42581104599024694,True
2,4,1,2_4,0.85,2.5287391200999356e-05,40570,8621,0.21249691890559527,2.89150594099626,2.89150594099626,83571.10054968484,9.693898683410838,0.30553300081197077,79900.18352220292,9.268087637420592,-10.056525377433333,0.6816225130027305,3670.917027481919,0.42581104599024694,True
2,4,1,2_4,0.9,3.5402347681399104e-05,40570,4475,0.11030317968942568,2.611822311634711,2.611822311634711,40747.92716830564,9.105682048783384,0.1982122905027933,39211.211334932676,8.762281862554788,-9.628316639289004,0.7117995829565048,1536.7158333729676,0.34340018622859614,True
2,4,1,2_4,0.95,5.5632260642198585e-05,40570,2170,0.05348779886615726,2.4642052539467763,2.4642052539467763,18434.357336860547,8.495095546940345,0.10829493087557604,17826.724550699015,8.215080438110146,-9.113782940445118,0.7164968971237816,607.6327861615318,0.280015108830199,True
2,4,2,2_4,0.7,1.3226813396116607e-05,56538,22988,0.40659379532349926,3.115216657997641,3.115216657997641,241595.99298999703,10.509656907516836,0.34752914564120413,231163.9867314629,10.055854651620972,-10.760499661495523,0.6341010012377389,10432.006258534122,0.45380225589586404,True
2,4,2,2_4,0.75,1.653351674514576e-05,56538,14999,0.2652906010117089,2.994286039925008,2.994286039925008,152974.41774843598,10.198974448192278,0.30815387692512836,146390.06519746812,9.759988345720924,-10.5086883366272,0.65863037895968,6584.352550967858,0.43898610247135533,True
2,4,2,2_4,0.8,1.653351674514576e-05,56538,14999,0.2652906010117089,2.994286039925008,2.994286039925008,152974.41774843598,10.198974448192278,0.30815387692512836,146390.06519746812,9.759988345720924,-10.5086883366272,0.65863037895968,6584.352550967858,0.43898610247135533,True
2,4,2,2_4,0.85,1.984022009417491e-05,56538,10377,0.18354027379815346,2.8434771156575107,2.8434771156575107,102701.16610091925,9.896999720624386,0.26616555844656453,98466.77047784056,9.488943864107213,-10.285346195539336,0.6820114477868661,4234.395623078686,0.40805585651717124,True
2,4,2,2_4,0.9,2.6453626792233214e-05,56538,5934,0.10495595882415366,2.620070393024042,2.620070393024042,55811.22680642252,9.40532976178337,0.19514661274014156,53769.870375406324,9.061319577924895,-9.922860160999136,0.7087604423708291,2041.3564310161964,0.344010183858476,True
2,4,2,2_4,0.95,3.968044018834982e-05,56538,3072,0.0543351374296933,2.479880681409743,2.479880681409743,27189.91408901182,8.85088349251687,0.10416666666666667,26310.44903745088,8.564599296045207,-9.458922028659961,0.7151372341283466,879.4650515609428,0.2862841964716611,True
2,5,1,2_5,0.7,3.433869398500544e-05,18978,8865,0.46711982295289284,3.018791550777124,3.018791550777124,84096.85606942701,9.486390983578907,0.42380146644106037,79939.88887356673,9.017471954153043,-9.783891893373596,0.6787446203406157,4156.967195860285,0.46891902942586405,True
2,5,1,2_5,0.75,4.5784925313340585e-05,18978,5108,0.26915375698176836,2.748260806836516,2.748260806836516,45860.543928127096,8.978180095561296,0.30403288958496477,43887.31185524264,8.591877810345075,-9.41955862646189,0.697378062458021,1973.232072884457,0.386302285216221,True
2,5,1,2_5,0.8,4.5784925313340585e-05,18978,5108,0.26915375698176836,2.748260806836516,2.748260806836516,45860.543928127096,8.978180095561296,0.30403288958496477,43887.31185524264,8.591877810345075,-9.41955862646189,0.697378062458021,1973.232072884457,0.386302285216221,True
2,5,1,2_5,0.85,5.7231156641675726e-05,18978,3555,0.18732216250395195,2.6702016245669524,2.6702016245669524,30866.736692700804,8.6826263551901,0.24725738396624472,29589.993415928668,8.323486192947586,-9.169682002775483,0.7024434883335657,1276.7432767721366,0.3591401622425138,True
2,5,1,2_5,0.9,8.012361929834602e-05,18978,2087,0.10996943829697545,2.5824025539591613,2.5824025539591613,17236.394682839356,8.258933724407933,0.18687110685194058,16551.122954540224,7.930581195275622,-8.79998942854469,0.7098711943633329,685.2717282991325,0.3283525291323107,True
2,5,1,2_5,0.95,0.0001259085446116866,18978,1049,0.055274528401306776,2.5066668869596205,2.5066668869596205,8104.718641624177,7.72613788524707,0.1124880838894185,7788.832168541753,7.425006833690899,-8.316238033858916,0.7176266127083406,315.88647308242344,0.30113105155617104,True
2,5,2,2_5,0.7,2.8471912458359828e-05,22747,10801,0.4748318459577087,3.0264024286038387,3.0264024286038387,104546.86574674325,9.679369109040204,0.4306082770113878,99483.90113085494,9.210619491792883,-9.973107090853638,0.6760242165542862,5062.9646158883115,0.4687496172473208,True
2,5,2,2_5,0.75,3.796254994447977e-05,22747,6150,0.27036532289972304,2.7270958354886856,2.7270958354886856,56250.02197733916,9.146345036965716,0.2951219512195122,53959.17548492886,8.773849672346156,-9.599903746874881,0.6922273587912192,2290.8464924102955,0.37249536461956023,True
2,5,2,2_5,0.8,3.796254994447977e-05,22747,6150,0.27036532289972304,2.7270958354886856,2.7270958354886856,56250.02197733916,9.146345036965716,0.2951219512195122,53959.17548492886,8.773849672346156,-9.599903746874881,0.6922273587912192,2290.8464924102955,0.37249536461956023,True
2,5,2,2_5,0.85,4.7453187430599715e-05,22747,4335,0.19057458126346333,2.6714453582707245,2.6714453582707245,38456.526316588555,8.871171007286865,0.2417531718569781,36937.31844635208,8.5207193647871,-9.357482271179064,0.693305298960351,1519.2078702364743,0.3504516424997634,True
2,5,2,2_5,0.9,6.64344624028396e-05,22747,2580,0.11342155009451796,2.615970312172231,2.615970312172231,21879.44996474369,8.48040696307895,0.17790697674418604,21024.343967353572,8.148970529982005,-9.000471374329349,0.6981225452686952,855.1059973901174,0.3314364330969447,True
2,5,2,2_5,0.95,0.00010439701234731937,22747,1267,0.05569965270145514,2.5233686268853837,2.5233686268853837,10049.582556419893,7.931793651475843,0.11207576953433307,9667.47864261523,7.630212030477687,-8.510869566872497,0.7101286120596729,382.10391380466353,0.3015816209981559,True
2,6,1,2_6,0.7,2.9138378157871734e-05,24757,11206,0.45263965747061435,3.1266062116543365,3.1266062116543365,109009.15522350493,9.727748993709168,0.4428877387114046,103813.39483340633,9.264090204658784,-9.973221612546418,0.6395606164029327,5195.7603900986,0.4636587890503837,True
2,6,1,2_6,0.75,3.885117087716231e-05,24757,6243,0.25217110312234925,2.7973590068438563,2.7973590068438563,57346.44270339371,9.185718837641152,0.3054621175716803,55142.5005164728,8.83269269845792,-9.599400468578065,0.6470602995382954,2203.942186920911,0.35302613918323095,True
2,6,1,2_6,0.8,3.885117087716231e-05,24757,6243,0.25217110312234925,2.7973590068438563,2.7973590068438563,57346.44270339371,9.185718837641152,0.3054621175716803,55142.5005164728,8.83269269845792,-9.599400468578065,0.6470602995382954,2203.942186920911,0.35302613918323095,True
2,6,1,2_6,0.85,4.856396359645289e-05,24757,4336,0.17514238397220988,2.730330833066767,2.730330833066767,38603.48280111118,8.903017251178778,0.24285055350553506,37233.32553811218,8.587021572442845,-9.354704627965218,0.6378146567186217,1370.1572629990042,0.3159956787359327,True
2,6,1,2_6,0.9,6.798954903503405e-05,24757,2565,0.10360706062931696,2.6965172009510416,2.6965172009510416,21893.02169876895,8.535291110631169,0.1820662768031189,21166.973135227217,8.252231241803983,-9.006713666359355,0.6210142422204048,726.0485635417317,0.28305986882718587,True
2,6,1,2_6,0.95,0.00010684071991219636,24757,1298,0.05242961586621966,2.7473950647928485,2.7473950647928485,10552.762254915018,8.130017145543157,0.1386748844375963,10187.091593462248,7.848298608214367,-8.571891000979782,0.6019542506324445,365.6706614527702,0.2817185373287906,True
2,6,2,2_6,0.7,3.217123676957888e-05,22656,10228,0.4514477401129944,3.1653303322826307,3.1653303322826307,98753.25673450404,9.655187400714123,0.44495502542041454,93982.55838049247,9.188752285930041,-9.882614472477032,0.630591252387847,4770.698354011576,0.46643511478408056,True
2,6,2,2_6,0.75,4.2894982359438505e-05,22656,5677,0.2505737994350282,2.8370042420436574,2.8370042420436574,51777.23324863729,9.12052725887569,0.3138981856614409,49735.68466765227,8.760909752977325,-9.512391143421821,0.6390452488924878,2041.5485809850215,0.3596175058983656,True
2,6,2,2_6,0.8,4.2894982359438505e-05,22656,5677,0.2505737994350282,2.8370042420436574,2.8370042420436574,51777.23324863729,9.12052725887569,0.3138981856614409,49735.68466765227,8.760909752977325,-9.512391143421821,0.6390452488924878,2041.5485809850215,0.3596175058983656,True
2,6,2,2_6,0.85,5.361872794929813e-05,22656,3895,0.1719191384180791,2.753546012778501,2.753546012778501,34373.29378339171,8.824979148495945,0.24878048780487805,33137.32604117691,8.507657520199462,-9.263339117706911,0.6305642751747652,1235.9677422148015,0.3173216282964831,True
2,6,2,2_6,0.9,7.506621912901738e-05,22656,2316,0.10222457627118645,2.7404012573784433,2.7404012573784433,19631.980378105764,8.476675465503352,0.18134715025906736,18953.522420203266,8.18373161494096,-8.92255977117402,0.6138788576258623,678.4579579024976,0.29294385056239103,True
2,6,2,2_6,0.95,0.00011796120148845589,22656,1144,0.050494350282485875,2.7871267751221662,2.7871267751221662,9227.740318070944,8.066206571740336,0.13723776223776224,8881.482867294793,7.763533974908036,-8.485597395089915,0.6062928437975706,346.257450776151,0.30267259683229986,True
3,1,1,3_1,0.7,4.288884230684072e-06,184403,61240,0.33209871856748535,2.7916890601913993,2.7916890601913993,697187.4028091659,11.384510169973316,0.16358589157413456,677180.8639084566,11.057819462907522,-11.80135138599433,0.6252729627588012,20006.538900709245,0.32669070706579434,True
3,1,1,3_1,0.75,4.824994759519581e-06,184403,51222,0.2777720535999957,2.819806068950645,2.819806068950645,578343.5936989088,11.290921746493867,0.15551911288118386,560879.9699845277,10.949981843436955,-11.692191806604225,0.6281641613966773,17463.62371438113,0.3409399030569117,True
3,1,1,3_1,0.8,5.897215817190599e-06,184403,36887,0.2000347065937105,2.837571731722124,2.837571731722124,409640.4176173118,11.10527875992387,0.14582373193808118,396297.0056324891,10.743541237630849,-11.496833770909056,0.6407028171954056,13343.411984822713,0.3617375222930223,True
3,1,1,3_1,0.85,6.433326346026108e-06,184403,31508,0.17086489916107656,2.8178860239826298,2.8178860239826298,346638.5276541816,11.00160364523872,0.13409292877999238,335189.3659422812,10.638230479315768,-11.403929344527592,0.6491463130068322,11449.161711900379,0.3633731659229522,True
3,1,1,3_1,0.9,8.577768461368143e-06,184403,18455,0.10007971670742884,2.713586099659597,2.713586099659597,196017.08030862373,10.621353579443172,0.10907613112977513,189429.47977099786,10.264398795502458,-11.082765270541339,0.6824317625340138,6587.600537625869,0.35695478394071356,True
3,1,1,3_1,0.95,1.2330542163216706e-05,184403,9462,0.051311529638888735,2.5397062635624366,2.5397062635624366,95429.45898150883,10.08554840218863,0.0789305095461674,92394.64578619525,9.764811433755575,-10.65395674190236,0.7215417170081251,3034.8131953135744,0.3207369684330558,True
3,1,2,3_1,0.7,4.725354519722842e-06,157388,59150,0.37582280732965667,2.8830127833751895,2.8830127833751895,672202.9094534442,11.364377167429318,0.21404902789518174,651353.633461002,11.01189574743875,-11.731504128942937,0.6170877839332946,20849.275992442155,0.352481419990569,True
3,1,2,3_1,0.75,5.512913606343316e-06,157388,46489,0.29537830075990545,2.917379325403739,2.917379325403739,522435.54394904943,11.237831399880605,0.20342446600271033,505200.37857007567,10.867094980964866,-11.586872080898324,0.6219148242787519,17235.16537897376,0.3707364189157384,True
3,1,2,3_1,0.8,6.300472692963789e-06,157388,37032,0.23529112765903373,2.9186391051510654,2.9186391051510654,411251.44258649554,11.105299270536172,0.18951177360120977,397120.24526527413,10.723705046048664,-11.453683135214028,0.631148130536128,14131.197321221407,0.3815942244875083,True
3,1,2,3_1,0.85,7.875590866204737e-06,157388,24483,0.15555823823925585,2.856671718694619,2.856671718694619,265198.13377590186,10.831929656328958,0.1688927010578769,255761.82163559698,10.446506622374585,-11.213144170041135,0.6557684379850925,9436.312140304886,0.3854230339543719,True
3,1,2,3_1,0.9,9.450709039445684e-06,157388,17184,0.10918240272447709,2.7621137988770665,2.7621137988770665,181607.9812193123,10.568434661272828,0.1424581005586592,175182.8735144381,10.19453407323313,-11.001920550783607,0.6797734035668398,6425.107704874186,0.37390058803969894,True
3,1,2,3_1,0.95,1.4176063559168526e-05,157388,7952,0.05052481764810532,2.5232540023033545,2.5232540023033545,78949.96237303672,9.928315187756127,0.0891599597585513,76422.91165695043,9.61052711983783,-10.507466350136761,0.7263076470402205,2527.050716086291,0.3177880679182961,True
3,2,1,3_2,0.7,6.204282195571383e-06,117508,47569,0.4048149913197399,2.9779013128700047,2.9779013128700047,531189.7402785902,11.166720769379012,0.25932855431058044,513032.10572548,10.785009264972567,-11.484684429804348,0.6123367498638743,18157.634553110227,0.38171150440644597,True
3,2,1,3_2,0.75,7.44513863468566e-06,117508,35233,0.2998349048575416,2.9988648972036724,2.9988648972036724,387571.6251094751,11.000244802017288,0.24533817727698465,373519.1292012697,10.601400085183485,-11.307665333973763,0.6208095082745372,14052.495908205397,0.39884471683380346,True
3,2,1,3_2,0.8,8.685995073799937e-06,117508,26589,0.22627395581577425,2.9655092968175714,2.9655092968175714,287713.6130797005,10.820776000590488,0.226033322050472,277008.53614821506,10.418163005311033,-11.145024604720586,0.634728541048272,10705.07693148544,0.40261299527945543,True
3,2,1,3_2,0.85,9.926851512914214e-06,117508,20579,0.17512850188923307,2.9090248866070336,2.9090248866070336,219022.9584099329,10.643032140042417,0.20851353321347005,210809.60107268338,10.243918609878195,-10.996439558921216,0.6502821463226345,8213.35733724953,0.3991135301642223,True
3,2,1,3_2,0.9,1.2408564391142766e-05,117508,13198,0.11231575722504,2.7665993224635708,2.7665993224635708,135940.99359502838,10.300120745190815,0.17199575693286862,130992.49105985092,9.92517737989475,-10.731064333387653,0.6790588360653718,4948.5025351774675,0.37494336529606515,True
3,2,1,3_2,0.95,1.861284658671415e-05,117508,6178,0.052575143819995236,2.526769261165823,2.526769261165823,59678.45833984611,9.65983462930497,0.09906118484946584,57777.63792264286,9.352158938595478,-10.236680720467913,0.7143611014546307,1900.8204172032492,0.30767569070949324,True
3,2,2,3_2,0.7,9.055182280819313e-06,93275,30129,0.3230125971589386,3.0893166825037963,3.0893166825037963,327513.83022286964,10.870385018516036,0.2931063095356633,314684.2816320172,10.444564427362915,-11.1335479521683,0.6170605572266694,12829.548590852413,0.42582059115312204,True
3,2,2,3_2,0.75,9.055182280819313e-06,93275,30129,0.3230125971589386,3.0893166825037963,3.0893166825037963,327513.83022286964,10.870385018516036,0.2931063095356633,314684.2816320172,10.444564427362915,-11.1335479521683,0.6170605572266694,12829.548590852413,0.42582059115312204,True
3,2,2,3_2,0.8,1.0866218736983176e-05,93275,21298,0.22833556687215223,3.021177919759633,3.021177919759633,226584.5501680994,10.63877125401913,0.26824114940369986,217563.75071265432,10.215219772403715,-10.935090783965547,0.6358244836514686,9020.799455445085,0.4235514816154139,True
3,2,2,3_2,0.85,1.2677255193147037e-05,93275,15585,0.16708657196462073,2.9158003377600883,2.9158003377600883,162144.18154166132,10.403861504116865,0.2359319858838627,155795.1230999178,9.996478864287315,-10.753726037847846,0.6556244976425362,6349.058441743517,0.4073826398295487,True
3,2,2,3_2,0.9,1.6299328105474763e-05,93275,9445,0.10125971589386223,2.7386330208012915,2.7386330208012915,94471.92516219863,10.002321351212137,0.18602435150873478,90965.43830946206,9.631068111112976,-10.449222166976147,0.6863966461248614,3506.486852736576,0.37125324009916105,True
3,2,2,3_2,0.95,2.3543473930130212e-05,93275,4815,0.05162154918252479,2.5303364576788177,2.5303364576788177,45399.18297327259,9.428698436816736,0.10944963655244029,43917.95114359895,9.121069811754714,-10.003210818608768,0.7126715890777742,1481.2318296736412,0.3076286250620231,True
3,3,1,3_3,0.7,9.043758224167635e-06,90758,37177,0.4096278014059367,3.5190191279091483,3.5190191279091483,414163.87786797504,11.14032541270073,0.3656292869247115,397225.62894608825,10.684714445654256,-11.216455821905674,0.5338088726833297,16938.248921886785,0.4556109670464746,True
3,3,1,3_3,0.75,1.1304697780209544e-05,90758,23584,0.2598558804733467,3.4835969300156746,3.4835969300156746,257003.29686116136,10.897358245469867,0.33743215739484395,245899.2501888896,10.426528586706649,-10.98765036106459,0.5531781789994515,11104.046672271768,0.47082965876321947,True
3,3,1,3_3,0.8,1.1304697780209544e-05,90758,23584,0.2598558804733467,3.4835969300156746,3.4835969300156746,257003.29686116136,10.897358245469867,0.33743215739484395,245899.2501888896,10.426528586706649,-10.98765036106459,0.5531781789994515,11104.046672271768,0.47082965876321947,True
3,3,1,3_3,0.85,1.3565637336251452e-05,90758,15626,0.17217215011348863,3.3508533010301105,3.3508533010301105,166219.56769522687,10.637371540715915,0.3003327787021631,158932.7926041147,10.171047779605445,-10.782593171645855,0.5807216616052919,7286.775091112184,0.4663237611104687,True
3,3,1,3_3,0.9,1.5826576892293363e-05,90758,10933,0.12046320985477864,3.2035147222350613,3.2035147222350613,113594.45169315708,10.390053205264527,0.2701911643647672,108628.24887468148,9.935813488949188,-10.599999518691249,0.609088360302602,4966.202818475605,0.4542397163153394,True
3,3,1,3_3,0.95,2.260939556041909e-05,90758,4816,0.053064192688247865,2.8030001418046178,2.8030001418046178,46869.14778180244,9.731965901537052,0.17545681063122923,45015.0954686555,9.346988261764015,-10.142513878666609,0.6749429348150028,1854.0523131469454,0.38497763977303684,True
3,3,2,3_3,0.7,8.385533277988813e-06,96307,40813,0.4237802028928323,3.5079812839006466,3.5079812839006466,457503.67642723303,11.209753667391102,0.3618454904074682,439105.59681802354,10.75896397760575,-11.290275507207825,0.5325195702927226,18398.079609209497,0.45078968978535017,True
3,3,2,3_3,0.75,1.0481916597486017e-05,96307,26045,0.270437247552099,3.4896110136120355,3.4896110136120355,285878.15852729697,10.976316318959377,0.3371088500671914,273658.50037719676,10.507141500372308,-11.064189840119212,0.5505543870561094,12219.658150100207,0.46917481858706883,True
3,3,2,3_3,0.8,1.0481916597486017e-05,96307,26045,0.270437247552099,3.4896110136120355,3.4896110136120355,285878.15852729697,10.976316318959377,0.3371088500671914,273658.50037719676,10.507141500372308,-11.064189840119212,0.5505543870561094,12219.658150100207,0.46917481858706883,True
3,3,2,3_3,0.85,1.257829991698322e-05,96307,17265,0.17927045801447455,3.3606408477343632,3.3606408477343632,185061.06269180152,10.71885680230533,0.2984071821604402,177027.57124911144,10.25355176652832,-10.859923674479507,0.5774811078726435,8033.49144269008,0.4653050357770101,True
3,3,2,3_3,0.9,1.4674683236480424e-05,96307,12113,0.12577486579376368,3.2240114439416927,3.2240114439416927,126932.86983792402,10.479061325676877,0.2706183439280112,121402.92395251157,10.02253149116747,-10.679748803644543,0.6054254166032149,5529.945885412453,0.45652983450940754,True
3,3,2,3_3,0.95,2.0963833194972034e-05,96307,5345,0.05549960023674291,2.834579380796882,2.834579380796882,52565.097815566376,9.83444299636415,0.18783910196445275,50454.58114013363,9.439584871867845,-10.22762776140678,0.6726683580465256,2110.516675432744,0.3948581244963038,True
3,4,1,3_4,0.7,6.586454626737384e-06,129108,42649,0.33033584286024104,2.9468296715332474,2.9468296715332474,472680.6569009359,11.083041968180636,0.17182114469272433,458616.77340833464,10.75328315806548,-11.416839728137548,0.5779540305418703,14063.883492601279,0.3297588101151558,True
3,4,1,3_4,0.75,7.409761455079556e-06,129108,35321,0.2735771602069585,2.990287324390163,2.990287324390163,388479.8306596145,10.998551305444764,0.1674641148325359,376163.0206179058,10.649840622233397,-11.310272293015085,0.5807205026538923,12316.810041708755,0.3487106832113687,True
3,4,1,3_4,0.8,8.233068283421729e-06,129108,29406,0.22776280323450135,3.007447534991556,3.007447534991556,320703.9180641485,10.906070804058645,0.16006937359722506,310063.3452000213,10.544220403999908,-11.209206772061224,0.5865814704667194,10640.572864127229,0.3618504000587373,True
3,4,1,3_4,0.85,9.879681940106075e-06,129108,20971,0.16242990364655946,3.0030238103184472,3.0030238103184472,224818.41003424744,10.720442994337297,0.1504935386962949,216840.65608096813,10.340024609268424,-11.025785050396035,0.6035608252202209,7977.753953279316,0.38041838506887204,True
3,4,1,3_4,0.9,1.2349602425132594e-05,129108,13338,0.10330885770052979,2.910017052872462,2.910017052872462,139054.56304106564,10.425443322916902,0.1271554955765482,133961.50367072152,10.043597516173453,-10.77833115269274,0.6342448863843517,5093.059370344126,0.38184580674344926,True
3,4,1,3_4,0.95,1.7289443395185632e-05,129108,6682,0.05175511974470986,2.693388923478393,2.693388923478393,66162.58780606094,9.901614457656532,0.08949443149106023,63824.63995931134,9.551727021746684,-10.374882656447282,0.6837349849193295,2337.947846749601,0.3498874359098475,True
3,4,2,3_4,0.7,6.290235667173846e-06,136869,44111,0.32228627373620033,2.909866277555637,2.909866277555637,489629.8230560628,11.099948381493569,0.1539525288476797,475583.5207672203,10.781517552701601,-11.452915153636944,0.5797668110081637,14046.302288842504,0.3184308287919681,True
3,4,2,3_4,0.75,6.989150741304274e-06,136869,37320,0.27266948688161674,2.9473681520456614,2.9473681520456614,411420.03584955935,11.024116716226136,0.1510450160771704,398937.7430314012,10.689650134817823,-11.357637920887072,0.5816609090857922,12482.292818158166,0.334466581408311,True
3,4,2,3_4,0.8,7.688065815434701e-06,136869,31683,0.23148411985182912,2.962450073481033,2.962450073481033,346626.84612224915,10.940467951969483,0.14203200454502415,335695.6727807715,10.595450960476327,-11.26627422188311,0.585884708479099,10931.173341477639,0.3450169914931553,True
3,4,2,3_4,0.85,9.085895963695556e-06,136869,23587,0.17233266846400572,2.9835314935431985,2.9835314935431985,254492.28487834602,10.789514769930301,0.1307075931657269,245822.29924011917,10.421940019507321,-11.104635931320951,0.598494175831626,8669.985638226848,0.3675747504229808,True
3,4,2,3_4,0.9,1.1881556260217264e-05,136869,13872,0.10135238804988712,2.903314296810572,2.903314296810572,145083.37337202043,10.458720687141035,0.11014994232987313,139830.4597840865,10.080050445796317,-10.815123953866951,0.633618788384082,5252.91358793393,0.37867024134471816,True
3,4,2,3_4,0.95,1.607504670499983e-05,136869,7397,0.05404437820105356,2.705032543787098,2.705032543787098,73861.4675985245,9.985327510953697,0.08571042314451804,71261.04843936108,9.633776995993117,-10.45174331313522,0.6806611755711279,2600.4191591634153,0.3515505149605807,True
3,5,1,3_5,0.7,7.698782565850254e-06,75260,41474,0.5510762689343609,3.383478940522218,3.383478940522218,465481.5611693314,11.223454722701726,0.45739499445435694,442911.97309497336,10.67926829085628,-11.354893562604673,0.6389062259071489,22569.588074358064,0.5441864318454469,True
3,5,1,3_5,0.75,1.0265043421133672e-05,75260,22504,0.29901674196120115,3.0595576988053605,3.0595576988053605,241326.51351686113,10.72371638450325,0.3882420902950587,230144.8785167939,10.226843161962046,-11.00122513407289,0.69198080171615,11181.63500006724,0.4968732225412033,True
3,5,1,3_5,0.8,1.0265043421133672e-05,75260,22504,0.29901674196120115,3.0595576988053605,3.0595576988053605,241326.51351686113,10.72371638450325,0.3882420902950587,230144.8785167939,10.226843161962046,-11.00122513407289,0.69198080171615,11181.63500006724,0.4968732225412033,True
3,5,1,3_5,0.85,1.283130427641709e-05,75260,13767,0.18292585702896624,2.7527307453749743,2.7527307453749743,141170.38964364148,10.25425943514502,0.2943996513401613,135334.37953098534,9.830346446646717,-10.693084437480554,0.7335955011184428,5836.010112656135,0.42391298849830283,True
3,5,1,3_5,0.9,1.539756513170051e-05,75260,9714,0.1290725484985384,2.5967705540232484,2.5967705540232484,96392.21920837474,9.923020301459207,0.24202182417129917,92715.12873477646,9.544485148731363,-10.455037115670876,0.7551311415080507,3677.0904735982767,0.378535152727844,True
3,5,1,3_5,0.95,2.566260855283418e-05,75260,4285,0.05693595535477013,2.374789573098017,2.374789573098017,39256.56550322267,9.16139218278242,0.12322053675612601,38022.28578317116,8.873345573668882,-9.84309150112225,0.7716706299184624,1234.2797200515124,0.28804660911353847,True
3,5,2,3_5,0.7,9.154679757858721e-06,84400,25483,0.3019312796208531,3.0772062935484454,3.0772062935484454,276512.296921522,10.850853389378095,0.38625750500333556,263801.40499046777,10.352054506552124,-11.119829526571612,0.6879582121437573,12710.89193105424,0.49879888282597185,True
3,5,2,3_5,0.75,9.154679757858721e-06,84400,25483,0.3019312796208531,3.0772062935484454,3.0772062935484454,276512.296921522,10.850853389378095,0.38625750500333556,263801.40499046777,10.352054506552124,-11.119829526571612,0.6879582121437573,12710.89193105424,0.49879888282597185,True
3,5,2,3_5,0.8,9.154679757858721e-06,84400,25483,0.3019312796208531,3.0772062935484454,3.0772062935484454,276512.296921522,10.850853389378095,0.38625750500333556,263801.40499046777,10.352054506552124,-11.119829526571612,0.6879582121437573,12710.89193105424,0.49879888282597185,True
3,5,2,3_5,0.85,1.1443349697323401e-05,84400,15640,0.1853080568720379,2.781736269636631,2.781736269636631,162569.0390869517,10.394439839319162,0.3075447570332481,155805.6393444726,9.961997400541728,-10.816851518060068,0.7304095414026284,6763.399742479087,0.4324424387774352,True
3,5,2,3_5,0.9,1.373201963678808e-05,84400,10830,0.1283175355450237,2.591848303814765,2.591848303814765,108651.70951468457,10.03247548612046,0.23905817174515234,104587.89133226134,9.657238350162634,-10.567579689786834,0.7539277505473477,4063.8181824232306,0.3752371359578237,True
3,5,2,3_5,0.95,2.2886699394646802e-05,84400,4824,0.057156398104265406,2.3906189034855707,2.3906189034855707,44841.97080514644,9.295599254798184,0.12769485903814262,43411.7171225251,8.999112172994424,-9.965850352445702,0.772020305330099,1430.25368262134,0.2964870818037604,True
3,6,1,3_6,0.7,1.0951023373134219e-05,76505,23531,0.3075746683223319,2.7749044525486113,2.7749044525486113,245485.12511420454,10.432413629433706,0.15188474777952488,237923.84587676823,10.111080951798403,-10.858667037505263,0.6264279323478603,7561.279237436305,0.3213326776353026,True
3,6,1,3_6,0.75,1.216780374792691e-05,76505,19957,0.2608587674008235,2.7890735853379303,2.7890735853379303,206344.73425245902,10.33946656573929,0.14040186400761637,199761.8052211089,10.009610924543212,-10.757768629952444,0.6290147080263818,6582.929031350126,0.32985564119607785,True
3,6,1,3_6,0.8,1.3384584122719602e-05,76505,17155,0.22423371021501862,2.802016787579017,2.802016787579017,175931.03772747488,10.255379640190899,0.136461672981638,170105.14213782884,9.915776283172768,-10.666473164966563,0.6331826388577729,5825.895589646039,0.3396033570181311,True
3,6,1,3_6,0.85,1.5818144872304982e-05,76505,12902,0.16864257238089014,2.7923946438791387,2.7923946438791387,130052.06368886665,10.079992535178008,0.12075647186482716,125552.96520266491,9.73127927473763,-10.496440019492336,0.644860868337017,4499.098486201736,0.34871326044037637,True
3,6,1,3_6,0.9,2.068526637147575e-05,76505,7906,0.1033396510032024,2.7118697974701234,2.7118697974701234,77000.63346845622,9.739518526240351,0.09878573235517328,74274.25322123444,9.394669013563679,-10.201932304292567,0.6715311976386896,2726.3802472217794,0.34484951267667335,True
3,6,1,3_6,0.95,3.0419509369817275e-05,76505,3910,0.051107770733938955,2.5376392214563945,2.5376392214563945,35895.0787741256,9.180327052206035,0.062447034375373286,34713.754067601,8.878197971253453,-9.750078785066206,0.7038172149569837,1181.324706524596,0.30212908095258206,True
3,6,2,3_6,0.7,1.4996865655078088e-05,50916,19415,0.38131432162777906,3.018755536926285,3.018755536926285,200261.7625390998,10.314795907241813,0.27597218645377286,192600.44255014494,9.92018761525341,-10.61231465650688,0.6110240657279401,7661.319988954841,0.39460829198840286,True
3,6,2,3_6,0.75,1.7996238786093707e-05,50916,14057,0.2760821745620237,2.992652274534501,2.992652274534501,142158.02808918158,10.112970625964401,0.24855943657964003,136568.81764240647,9.715360150985735,-10.423504073345608,0.6216758340547255,5589.210446775105,0.3976104749786658,True
3,6,2,3_6,0.8,2.0995611917109324e-05,50916,10563,0.20745934480320527,2.946693681733085,2.946693681733085,104823.38801180176,9.923637982751279,0.22891224084067027,100637.23847165788,9.527334892706417,-10.25750559707293,0.6351855891186372,4186.149540143873,0.39630309004486164,True
3,6,2,3_6,0.85,2.399498504812494e-05,50916,8145,0.15996936130096628,2.877372587680481,2.877372587680481,79290.59457448366,9.734879628543114,0.2038060159607121,76144.53761355407,9.34862340252352,-10.105006388943147,0.6493415838593207,3146.0569609295926,0.3862562260195939,True
3,6,2,3_6,0.9,2.9993731310156176e-05,50916,5267,0.10344488962212271,2.7441822073953492,2.7441822073953492,49496.492165606236,9.397473355915366,0.17201442946648945,47601.52698993692,9.037692612480905,-9.841187559168374,0.6732163000085201,1894.9651756693129,0.3597807434344623,True
3,6,2,3_6,0.95,4.199122383421865e-05,50916,2843,0.0558370649697541,2.571731484989984,2.571731484989984,25285.604454363856,8.893986793655946,0.11466760464298277,24403.741903622293,8.583799473662431,-9.44180892531388,0.6964883201617378,881.8625507415636,0.3101873199935152,True
4,1,1,4_1,0.7,4.148841055824731e-06,193510,71684,0.3704408040928117,3.1963351013995407,3.1963351013995407,840435.2378467452,11.724167706137285,0.2397606160370515,813512.1571644502,11.348587650862816,-11.937377597865897,0.5466631235345507,26923.080682295025,0.37558005527446886,True
4,1,1,4_1,0.75,4.840314565128853e-06,193510,54497,0.2816236886982585,3.2484804910468075,3.2484804910468075,632385.406034044,11.60404070011274,0.2333155953538727,610491.5367158916,11.202296212927163,-11.793786049351908,0.5541581771887152,21893.86931815243,0.4017444871855777,True
4,1,1,4_1,0.8,5.531788074432974e-06,193510,41782,0.2159164901038706,3.239355302957103,3.239355302957103,479015.1861877083,11.464630371636309,0.22124359772150687,461648.75453575986,11.048986514186968,-11.658442358374815,0.5674800646677883,17366.431651948427,0.41564385744934246,True
4,1,1,4_1,0.85,6.223261583737096e-06,193510,32538,0.16814634902589012,3.194713670462435,3.194713670462435,368252.97035818396,11.317627707854937,0.2021328907738644,354541.5851822752,10.896231642457288,-11.531576116095232,0.583759740747265,13711.385175908741,0.4213960653976502,True
4,1,1,4_1,0.9,7.60620860234534e-06,193510,20972,0.10837682807090072,3.0781815806252752,3.0781815806252752,231464.79906922783,11.036849087794575,0.1734217051306504,222565.748037553,10.612518979475158,-11.305355816536085,0.6190661485138167,8899.051031674811,0.4243301083194169,True
4,1,1,4_1,0.95,1.0372102639561828e-05,193510,10650,0.055035915456565554,2.846323414000377,2.846323414000377,112335.8825540184,10.547970192865577,0.13126760563380283,107954.29864579602,10.136553863455026,-10.934773874946853,0.6842073069663581,4381.583908222383,0.4114163294105524,True
4,1,2,4_1,0.7,3.905408404829428e-06,198856,77272,0.3885826930039828,3.1584950488077124,3.1584950488077124,908662.5962727536,11.75927368610562,0.2343669116885806,880597.4940890237,11.396074827738685,-11.989862443906432,0.5465691315540843,28065.102183729876,0.36319885836693594,True
4,1,2,4_1,0.75,4.556309805634333e-06,198856,59162,0.2975117673090075,3.2175365796092263,3.2175365796092263,688908.5721818812,11.64444359862549,0.22370778540279232,665904.8690641173,11.255617948414816,-11.848046667682047,0.5516984662514455,23003.703117763856,0.38882565021067333,True
4,1,2,4_1,0.8,5.2072112064392375e-06,198856,45927,0.2309560687130386,3.235275808060436,3.235275808060436,529191.9589492716,11.522458661555765,0.21551592745008383,510438.05726960936,11.114117126518375,-11.718094037049994,0.5626665183765388,18753.90167966223,0.40834153503739046,True
4,1,2,4_1,0.85,5.858112607244142e-06,198856,36029,0.18118135736412277,3.209981313365841,3.209981313365841,410304.5438561002,11.388174633103894,0.20014432818007716,395220.943559151,10.969522983128897,-11.595190573100547,0.5774779908967418,15083.600296949153,0.4186516499749966,True
4,1,2,4_1,0.9,7.159915408853951e-06,198856,23301,0.1171752423864505,3.1094989489332203,3.1094989489332203,259093.52682898496,11.11941662713982,0.17398394918673019,249152.82653027988,10.692795439263547,-11.372966172811667,0.611853853315277,9940.70029870508,0.42662118787627484,True
4,1,2,4_1,0.95,1.0414422412878475e-05,198856,10173,0.05115762159552641,2.810914691933288,2.810914691933288,106958.35116157343,10.513943886913735,0.1185491005603067,102831.60653625027,10.108287283618429,-10.920111814625386,0.6919204910351913,4126.744625323161,0.4056566032953073,True
4,2,1,4_2,0.7,5.0151708919481435e-06,123267,68901,0.5589573851882499,3.6321704394390615,3.6321704394390615,812407.3654795326,11.790937221223677,0.46398455755359136,775008.2781624885,11.24814267082464,-11.823128453231448,0.5774142780082582,37399.08731704415,0.5427945503990385,True
4,2,1,4_2,0.75,6.686894522597524e-06,123267,36932,0.2996097901303674,3.3747699652838175,3.3747699652838175,419516.79801548726,11.359168147283853,0.401684176324055,400154.5627377474,10.834900973078831,-11.49426757121077,0.6236373133689121,19362.235277739877,0.5242671742050221,True
4,2,1,4_2,0.8,6.686894522597524e-06,123267,36932,0.2996097901303674,3.3747699652838175,3.3747699652838175,419516.79801548726,11.359168147283853,0.401684176324055,400154.5627377474,10.834900973078831,-11.49426757121077,0.6236373133689121,19362.235277739877,0.5242671742050221,True
4,2,1,4_2,0.85,8.358618153246906e-06,123267,22097,0.17926127836322778,3.0804971658568356,3.0804971658568356,241833.32406171795,10.94416998061809,0.3278725618862289,231164.2912305046,10.46134277189232,-11.211563093419526,0.6716147978682652,10669.03283121335,0.48282720872577045,True
4,2,1,4_2,0.9,1.0030341783896287e-05,123267,14852,0.12048642377927588,2.876868890168083,2.876868890168083,157530.68638332107,10.606698517595008,0.27821168866145973,150866.2803040414,10.157977397255683,-10.977093613166549,0.7095289726743681,6664.406079279666,0.44872112033932576,True
4,2,1,4_2,0.95,1.5045512675844429e-05,123267,6710,0.05443468243731088,2.53878597939524,2.53878597939524,66332.11833707786,9.885561600160635,0.16274217585692996,63844.31799190343,9.514801489106324,-10.454567819694729,0.7750229536633445,2487.80034517443,0.37076011105431145,True
4,2,2,4_2,0.7,5.806627684839475e-06,108362,58687,0.5415828426939333,3.677446149569973,3.677446149569973,684753.0943002708,11.667883761314615,0.4767495356722954,652013.3106046992,11.110012619569908,-11.683020350382527,0.579713774874759,32739.78369557159,0.5578711417447065,True
4,2,2,4_2,0.75,7.742170246452635e-06,108362,30708,0.2833834739115188,3.3468307518847857,3.3468307518847857,343800.2501864261,11.195787748678718,0.40061221831444577,327670.013751907,10.670509761362087,-11.34272194694318,0.6319579873399838,16130.236434519116,0.5252779873166313,True
4,2,2,4_2,0.8,7.742170246452635e-06,108362,30708,0.2833834739115188,3.3468307518847857,3.3468307518847857,343800.2501864261,11.195787748678718,0.40061221831444577,327670.013751907,10.670509761362087,-11.34272194694318,0.6319579873399838,16130.236434519116,0.5252779873166313,True
4,2,2,4_2,0.85,9.677712808065793e-06,108362,18406,0.1698565917941714,3.0501909559963365,3.0501909559963365,198340.45080035116,10.775858459217167,0.3299467564924481,189462.9332283443,10.293541955250696,-11.057925521138461,0.6810571928036055,8877.517572006851,0.48231650396647024,True
4,2,2,4_2,0.9,1.161325536967895e-05,108362,12333,0.11381296026282275,2.832778180926578,2.832778180926578,128553.97009030849,10.423576590473404,0.26935863131435983,123107.95591872378,9.981995939246232,-10.8177436431631,0.7193107008300957,5446.014171584713,0.44158065122717205,True
4,2,2,4_2,0.95,1.7419883054518428e-05,108362,5744,0.053007511858400545,2.5410995605391946,2.5410995605391946,55955.21688745341,9.741507118289244,0.1655640668523677,53781.83879695704,9.363133495291963,-10.30901095629056,0.782269980233783,2173.3780904963714,0.37837362299727917,True
4,3,1,4_3,0.7,1.3039849780930524e-05,60745,31817,0.5237797349576097,4.3336425339147695,4.3336425339147695,354810.26334121614,11.151593907069055,0.5076531414023949,336766.81517192395,10.584493043716376,-10.947528346870646,0.4716274371385478,18043.448169292184,0.5671008633526788,True
4,3,1,4_3,0.75,1.7386466374574033e-05,60745,15665,0.2578813071034653,4.109569387189258,4.109569387189258,168754.57685931522,10.772714769187054,0.4581551228854133,159704.081764966,10.194962129905266,-10.638230513293331,0.5131633933052249,9050.49509434923,0.5777526392817893,True
4,3,1,4_3,0.8,1.7386466374574033e-05,60745,15665,0.2578813071034653,4.109569387189258,4.109569387189258,168754.57685931522,10.772714769187054,0.4581551228854133,159704.081764966,10.194962129905266,-10.638230513293331,0.5131633933052249,9050.49509434923,0.5777526392817893,True
4,3,1,4_3,0.85,1.7386466374574033e-05,60745,15665,0.2578813071034653,4.109569387189258,4.109569387189258,168754.57685931522,10.772714769187054,0.4581551228854133,159704.081764966,10.194962129905266,-10.638230513293331,0.5131633933052249,9050.49509434923,0.5777526392817893,True
4,3,1,4_3,0.9,2.173308296821754e-05,60745,8488,0.13973166515762614,3.7000611137367767,3.7000611137367767,87932.17715326062,10.3595873177734,0.3891376060320452,83251.68235243356,9.808162388363991,-10.366312910301945,0.569756723381055,4680.4948008270585,0.5514249294094083,True
4,3,1,4_3,0.95,3.0426316155504554e-05,60745,3436,0.05656432628199852,3.0591699234040024,3.0591699234040024,33112.29574498712,9.636873034047474,0.270081490104773,31487.10345427249,9.16388342673821,-9.914570082255954,0.6693484508545816,1625.192290714629,0.4729896073092634,True
4,3,2,4_3,0.7,1.2791704153466338e-05,61352,32879,0.5359075498761247,4.338450992967553,4.338450992967553,367346.56276203017,11.172680518325684,0.5106602998874662,348697.37200647383,10.605473767647247,-10.967173593474378,0.47101716866664384,18649.190755556338,0.5672067506784372,True
4,3,2,4_3,0.75,1.7055605537955118e-05,61352,16089,0.26224083974442564,4.082146926416048,4.082146926416048,173442.78066749708,10.780208879824544,0.44875380694884703,164278.55135298427,10.210612925165286,-10.654582471637196,0.5118949124988285,9164.229314512806,0.5695959546592583,True
4,3,2,4_3,0.8,1.7055605537955118e-05,61352,16089,0.26224083974442564,4.082146926416048,4.082146926416048,173442.78066749708,10.780208879824544,0.44875380694884703,164278.55135298427,10.210612925165286,-10.654582471637196,0.5118949124988285,9164.229314512806,0.5695959546592583,True
4,3,2,4_3,0.85,1.7055605537955118e-05,61352,16089,0.26224083974442564,4.082146926416048,4.082146926416048,173442.78066749708,10.780208879824544,0.44875380694884703,164278.55135298427,10.210612925165286,-10.654582471637196,0.5118949124988285,9164.229314512806,0.5695959546592583,True
4,3,2,4_3,0.9,2.13195069224439e-05,61352,8869,0.1445592645716521,3.736498989000236,3.736498989000236,92212.2082248047,10.397137019371371,0.3937309730522043,87282.90838066363,9.841347207200771,-10.390457657219544,0.5655990585363145,4929.29984414106,0.555789812170601,True
4,3,2,4_3,0.95,2.9847309691421458e-05,61352,3573,0.05823771026209414,3.0896214406212263,3.0896214406212263,34578.9337203615,9.677843190697313,0.28211586901763225,32861.636839424944,9.197211541960522,-9.940860270015776,0.6667283850608023,1717.2968809365557,0.48063164873679143,True
4,4,1,4_4,0.7,6.1684796856542756e-06,157375,49464,0.3143065925337569,3.5627860148603196,3.5627860148603196,571158.4712444851,11.546952758460398,0.27264273006631085,551095.2625767299,11.141340420846067,-11.60585780466917,0.4888668544463837,20063.208667755243,0.40561233761433046,True
4,4,1,4_4,0.75,6.1684796856542756e-06,157375,49464,0.3143065925337569,3.5627860148603196,3.5627860148603196,571158.4712444851,11.546952758460398,0.27264273006631085,551095.2625767299,11.141340420846067,-11.60585780466917,0.4888668544463837,20063.208667755243,0.40561233761433046,True
4,4,1,4_4,0.8,7.196559633263321e-06,157375,35978,0.2286131850675139,3.615661684693148,3.615661684693148,410908.7723930618,11.421112135000884,0.26046472844516094,395218.6569910098,10.985009088637772,-11.459595035192295,0.5001098718109013,15690.115402052004,0.4361030463631109,True
4,4,1,4_4,0.85,8.224639580872367e-06,157375,26607,0.16906751389992059,3.6080264230524426,3.6080264230524426,300221.09981541,11.283538159710226,0.24970872326831284,288001.59258925717,10.824279046463607,-11.32494438415862,0.5182566932173732,12219.507226152811,0.4592591132466197,True
4,4,1,4_4,0.9,9.252719528481412e-06,157375,19963,0.12684988085782367,3.5428420903562894,3.5428420903562894,222200.4608646537,11.130614680391409,0.2337824976205981,212780.6854207313,10.658752964020001,-11.197332291689007,0.5410793056567686,9419.775443922408,0.4718617163714075,True
4,4,1,4_4,0.95,1.2336959371308551e-05,157375,9530,0.060555996822875297,3.22805110061785,3.22805110061785,101544.20363394529,10.655215491494785,0.18499475341028332,97051.61510731014,10.183800116192039,-10.854088234047406,0.6171613502049759,4492.588526635154,0.4714153753027444,True
4,4,2,4_4,0.7,6.39467962655071e-06,153007,47126,0.30799898043880347,3.572527149316212,3.572527149316212,542712.919393748,11.516210147132115,0.2708059245427153,523410.30282942654,11.106614243293013,-11.571321404791691,0.48977156840130937,19302.616564321506,0.4095959038391017,True
4,4,2,4_4,0.75,6.39467962655071e-06,153007,47126,0.30799898043880347,3.572527149316212,3.572527149316212,542712.919393748,11.516210147132115,0.2708059245427153,523410.30282942654,11.106614243293013,-11.571321404791691,0.48977156840130937,19302.616564321506,0.4095959038391017,True
4,4,2,4_4,0.8,7.460459564309161e-06,153007,34364,0.2245910317828596,3.638976001550007,3.638976001550007,391658.523242195,11.397349646205186,0.2656268187638226,376364.89219490753,10.952301600363972,-11.426958682491918,0.5019993698929949,15293.63104728749,0.4450480458412144,True
4,4,2,4_4,0.85,8.526239502067614e-06,153007,25236,0.16493363048749404,3.61460951554971,3.61460951554971,283930.5040370859,11.251010621219129,0.24793945157711206,272168.5759977247,10.784933269841684,-11.28989585968989,0.5219493097812585,11761.928039361199,0.4660773513774449,True
4,4,2,4_4,0.9,9.592019439826065e-06,153007,18979,0.12404007659780271,3.5590186057108615,3.5590186057108615,210731.96257613332,11.10342813510371,0.2417935613045998,201568.96486607744,10.620631480377124,-11.16380430725657,0.5460061483739032,9162.997710055875,0.482796654726586,True
4,4,2,4_4,0.95,1.278935925310142e-05,153007,8870,0.05797120393184626,3.1830035637367127,3.1830035637367127,93928.99179800521,10.589514295152785,0.19109357384441938,89769.81870745831,10.12061090275742,-10.808812585091253,0.6276735668258414,4159.173090546901,0.46890339239536655,True
4,5,1,4_5,0.7,4.555032536597409e-06,181022,70713,0.3906320778689883,3.3057891035846905,3.3057891035846905,827413.5087186322,11.701009838624188,0.2775444402019431,800498.5134421469,11.320386823386746,-11.865586876473639,0.5244489403981044,26914.99527648522,0.3806230152374418,True
4,5,1,4_5,0.75,5.46603904391689e-06,181022,51087,0.2822143164919181,3.392460470760861,3.392460470760861,591142.947507347,11.571298911804314,0.26535126353083954,570001.2094801634,11.157460987730017,-11.698976589743854,0.5298062085184905,21141.738027183572,0.41383792407429626,True
4,5,1,4_5,0.8,6.377045551236373e-06,181022,37531,0.2073283910242954,3.4107937431749407,3.4107937431749407,428902.78747647745,11.427960551983093,0.2537102661799579,412456.2735228343,10.989749101351798,-11.548004504691164,0.5442284536008082,16446.513953643152,0.4382114506312955,True
4,5,1,4_5,0.85,7.2880520585558545e-06,181022,28009,0.15472704975085902,3.3680608788818835,3.3680608788818835,315635.0802508943,11.269059239919109,0.2376379021028955,302996.01207017706,10.81780899247303,-11.406987814240543,0.5643557151153056,12639.068180717237,0.4512502474460794,True
4,5,1,4_5,0.9,8.199058565875335e-06,181022,21353,0.11795803824949454,3.292865792684588,3.292865792684588,237128.4444543908,11.105158266023079,0.21669086311056995,227379.59204411609,10.64860169737817,-11.275355792999068,0.5872519546723851,9748.852410274703,0.4565565686449072,True
4,5,1,4_5,0.95,1.093207808783378e-05,181022,10673,0.058959684458242644,2.9911397743469204,2.9911397743469204,113243.64074776875,10.610291459549213,0.16986789093975452,108575.04276064537,10.172870117178428,-10.921584233843923,0.6582259480222714,4668.597987123372,0.4374213423707835,True
4,5,2,4_5,0.7,4.528835093037369e-06,200122,65994,0.3297688410069857,3.2670439069330692,3.2670439069330692,770969.5915970576,11.68241948657541,0.24455253507894656,746310.6868613217,11.30876574933057,-11.86394274738002,0.5281690875304408,24658.904735735967,0.3736537372448399,True
4,5,2,4_5,0.75,4.528835093037369e-06,200122,65994,0.3297688410069857,3.2670439069330692,3.2670439069330692,770969.5915970576,11.68241948657541,0.24455253507894656,746310.6868613217,11.30876574933057,-11.86394274738002,0.5281690875304408,24658.904735735967,0.3736537372448399,True
4,5,2,4_5,0.8,5.2836409418769305e-06,200122,49855,0.2491230349486813,3.326957417508657,3.326957417508657,576608.5212297426,11.565710986455572,0.2348009226757597,556630.9430566306,11.164997353457638,-11.721149401611557,0.5346883502247164,19977.578173112008,0.40071363299793417,True
4,5,2,4_5,0.85,6.038446790716492e-06,200122,38149,0.1906287164829454,3.336003370595,3.336003370595,436337.7201606834,11.437723666693318,0.22205038139925032,420317.4716225342,11.017784781318888,-11.589282158836685,0.5473201341020852,16020.248538149172,0.4199388853744311,True
4,5,2,4_5,0.9,7.548058488395615e-06,200122,23418,0.117018618642628,3.2586835003262395,3.2586835003262395,261491.62945369072,11.166266523771915,0.19890682381074387,251180.78209882943,10.725970710514536,-11.351484402199107,0.5826000841353668,10310.847354861296,0.44029581325737877,True
4,5,2,4_5,0.95,1.0567281883753861e-05,200122,10624,0.05308761655390212,2.951872089097528,2.951872089097528,112765.3484354676,10.61420824882037,0.14269578313253012,108250.76711743051,10.189266483191878,-10.945419291102798,0.6597195651242916,4514.58131803709,0.4249417656284911,True
4,6,1,4_6,0.7,7.1271900518681255e-06,122427,40592,0.3315608485056401,3.684012339727396,3.684012339727396,465441.2588944121,11.466329791446888,0.41022861647615294,443856.32309256407,10.934576347372982,-11.479016974834085,0.5575946356994207,21584.935801848012,0.5317534440739065,True
4,6,1,4_6,0.75,7.1271900518681255e-06,122427,40592,0.3315608485056401,3.684012339727396,3.684012339727396,465441.2588944121,11.466329791446888,0.41022861647615294,443856.32309256407,10.934576347372982,-11.479016974834085,0.5575946356994207,21584.935801848012,0.5317534440739065,True
4,6,1,4_6,0.8,7.1271900518681255e-06,122427,40592,0.3315608485056401,3.684012339727396,3.684012339727396,465441.2588944121,11.466329791446888,0.41022861647615294,443856.32309256407,10.934576347372982,-11.479016974834085,0.5575946356994207,21584.935801848012,0.5317534440739065,True
4,6,1,4_6,0.85,8.908987564835157e-06,122427,23940,0.195545100345512,3.4474599092340252,3.4474599092340252,266091.03614186414,11.114913790386973,0.36604010025062655,253603.60872490265,10.593300280906544,-11.219863075391144,0.6028765861474175,12487.427416961495,0.5216135094804301,True
4,6,1,4_6,0.9,1.0690785077802189e-05,122427,15177,0.12396775221152197,3.1636685268947136,3.1636685268947136,163240.10220801784,10.755755564869068,0.30473743163998157,155858.10579414168,10.269361915671192,-10.983950391728984,0.649057384720349,7381.996413876157,0.48639364919787553,True
4,6,1,4_6,0.95,1.4254380103736251e-05,122427,7876,0.06433221429913336,2.816343445607454,2.816343445607454,80372.33562787797,10.20471503655129,0.2238445911630269,76970.20047734103,9.772752726935122,-10.607889652222974,0.7160384147296431,3402.1351505369385,0.4319623096161679,True
4,6,2,4_6,0.7,6.3688284062484575e-06,132858,47166,0.3550106128347559,3.6465488593086492,3.6465488593086492,545215.4209155755,11.55950093108543,0.3972777000381631,520942.34444575,11.044870127756223,-11.586244457081392,0.5520871730058942,24273.076469825464,0.5146308033292089,True
4,6,2,4_6,0.75,6.3688284062484575e-06,132858,47166,0.3550106128347559,3.6465488593086492,3.6465488593086492,545215.4209155755,11.55950093108543,0.3972777000381631,520942.34444575,11.044870127756223,-11.586244457081392,0.5520871730058942,24273.076469825464,0.5146308033292089,True
4,6,2,4_6,0.8,7.961035507810571e-06,132858,28428,0.2139728130786253,3.4767003041134577,3.4767003041134577,319647.7184788482,11.244115607107366,0.3603841283241874,304973.42403214396,10.727924019703952,-11.33718845539641,0.5912467075576977,14674.294446704269,0.5161915874034145,True
4,6,2,4_6,0.85,7.961035507810571e-06,132858,28428,0.2139728130786253,3.4767003041134577,3.4767003041134577,319647.7184788482,11.244115607107366,0.3603841283241874,304973.42403214396,10.727924019703952,-11.33718845539641,0.5912467075576977,14674.294446704269,0.5161915874034145,True
4,6,2,4_6,0.9,9.553242609372687e-06,132858,18183,0.13686040735221064,3.2274838002776787,3.2274838002776787,198386.81214792974,10.910565481379846,0.3068800527965682,189454.66554381707,10.419329348502286,-11.109692873646075,0.6347674515095737,8932.14660411267,0.4912361328775598,True
4,6,2,4_6,0.95,1.4329863914059029e-05,132858,7180,0.054042662090352106,2.7359451220572475,2.7359451220572475,72723.79129546823,10.12866174031591,0.19637883008356546,69757.0412443178,9.715465354361811,-10.57710973629559,0.7295719427807673,2966.7500511504186,0.4131963859540973,True
5,1,1,5_1,0.7,3.140046054008792e-05,29144,9459,0.32456080153719463,3.404729266720859,3.404729266720859,92984.60051331809,9.83027809634402,0.26281847975473094,89265.21741002848,9.437067069460669,-9.952840770132934,0.5119560328233037,3719.3831032896123,0.3932110268833505,True
5,1,1,5_1,0.75,3.140046054008792e-05,29144,9459,0.32456080153719463,3.404729266720859,3.404729266720859,92984.60051331809,9.83027809634402,0.26281847975473094,89265.21741002848,9.437067069460669,-9.952840770132934,0.5119560328233037,3719.3831032896123,0.3932110268833505,True
5,1,1,5_1,0.8,3.663387063010258e-05,29144,6973,0.2392602250892122,3.4393006287615644,3.4393006287615644,67612.2658686057,9.69629511954764,0.24551842822314643,64709.803846777424,9.280052179374362,-9.804583748884795,0.5214508360910429,2902.4620218282726,0.41624294017327873,True
5,1,1,5_1,0.85,4.186728072011723e-05,29144,5261,0.1805174306889926,3.4400565350624275,3.4400565350624275,50311.998173097556,9.563200565120235,0.22714312868275993,48014.81303563669,9.126556364880573,-9.671179355975994,0.5365735332877766,2297.185137460867,0.43664420023966294,True
5,1,1,5_1,0.9,5.233410090014654e-05,29144,3183,0.10921630524293165,3.3721349229378745,3.3721349229378745,29602.191417558148,9.300091554369509,0.20672321709079486,28108.820416221668,8.830920646001152,-9.43630119334335,0.5779288473423907,1493.3710013364798,0.46917090836835684,True
5,1,1,5_1,0.95,6.803433117019049e-05,29144,1677,0.057541861103486136,3.125003497526994,3.125003497526994,14889.55323160124,8.878684097555897,0.15802027429934407,14091.639984544783,8.40288609692593,-9.124910649285818,0.6513236743093533,797.9132470564564,0.475798000629968,True
5,1,2,5_1,0.7,3.461405330564209e-05,25111,9245,0.3681653458643622,3.566028483976607,3.566028483976607,90821.98205794953,9.82390287268248,0.3141157382368848,86895.88232186623,9.399230105123443,-9.881543506014161,0.5016354802907211,3926.099736083299,0.4246727675590372,True
5,1,2,5_1,0.75,4.153686396677051e-05,25111,6341,0.25251881645494006,3.5916086441839963,3.5916086441839963,61224.55715953262,9.655347288997417,0.28796719760290174,58367.316162164716,9.204749434184626,-9.703068507947055,0.5152448121764559,2857.2409973679023,0.45059785481279013,True
5,1,2,5_1,0.8,4.153686396677051e-05,25111,6341,0.25251881645494006,3.5916086441839963,3.5916086441839963,61224.55715953262,9.655347288997417,0.28796719760290174,58367.316162164716,9.204749434184626,-9.703068507947055,0.5152448121764559,2857.2409973679023,0.45059785481279013,True
5,1,2,5_1,0.85,4.8459674627898926e-05,25111,4515,0.17980168053840948,3.5788909864100718,3.5788909864100718,42867.10056790148,9.494374433643738,0.27995570321151714,40716.66236684089,9.018086902954792,-9.547014977350956,0.5369185219482393,2150.4382010605914,0.476287530688946,True
5,1,2,5_1,0.9,5.5382485289027346e-05,25111,3251,0.12946517462466647,3.469160174296475,3.469160174296475,30234.720172832487,9.300129244181017,0.2488465087665334,28669.28544799171,8.818605182402864,-9.396251161764066,0.564964954974493,1565.4347248407757,0.4815240617781531,True
5,1,2,5_1,0.95,7.61509172724126e-05,25111,1480,0.05893831388634463,3.1413792970092973,3.1413792970092973,12990.337185481316,8.777254855054943,0.1783783783783784,12275.776207009265,8.294443383114368,-9.015804702329525,0.6527950990747363,714.5609784720509,0.48281147194057494,True
5,2,1,5_2,0.7,1.4895103195626798e-05,55710,17809,0.3196733082031951,2.8224492029601254,2.8224492029601254,181045.35399039672,10.165947217159678,0.07075074400583975,176513.3005684861,9.911466144560958,-10.565765904822953,0.5551657437628253,4532.053421910619,0.2544810725987208,True
5,2,1,5_2,0.75,1.7246961594936294e-05,55710,14368,0.2579070184886017,2.9147299306218777,2.9147299306218777,145047.60784667882,10.095184287769962,0.06549276169265034,140909.19742158236,9.807154608963137,-10.445607703478679,0.5539876652315268,4138.410425096459,0.28802967880682484,True
5,2,1,5_2,0.8,1.9598819994245788e-05,55710,11707,0.2101418057799318,2.9853156822488396,2.9853156822488396,117328.96938613983,10.022120900840507,0.06500384385410438,113590.16987275238,9.70275645961838,-10.336342965467392,0.5584957252821345,3738.79951338745,0.3193644412221278,True
5,2,1,5_2,0.85,2.3518583993094945e-05,55710,8378,0.15038592712259918,3.025321723955034,3.025321723955034,82688.34232242926,9.869699489428177,0.05812843160658868,79725.67739915205,9.51607512522703,-10.16397092546196,0.5747000270289122,2962.664923277218,0.353624364201148,True
5,2,1,5_2,0.9,2.8222300791713933e-05,55710,5856,0.10511577813677975,3.0276632886340633,3.0276632886340633,56739.3906525411,9.689103595037755,0.05447404371584699,54476.61526810773,9.302700694690527,-9.98221955433906,0.6013577307529239,2262.775384433371,0.3864029003472287,True
5,2,1,5_2,0.95,3.9197639988491575e-05,55710,2880,0.051696284329563816,2.877230310133151,2.877230310133151,26622.696328978054,9.243991780895158,0.05864649708867009,25422.843757272283,8.827376304608432,-9.61419432962821,0.6780361411962132,1199.852571705771,0.416615476286726,True
5,2,2,5_2,0.7,1.5376932550915954e-05,56043,16943,0.30232143175775744,2.8197691756344687,2.8197691756344687,171663.62078347278,10.131831481052517,0.06327096736115209,167350.23007188964,9.877249015634165,-10.533121814581452,0.5560637147249374,4313.390711583139,0.25458246541835206,True
5,2,2,5_2,0.75,1.6841402317669854e-05,56043,14846,0.2649037346323359,2.876325920064449,2.876325920064449,149766.88443105196,10.08802939721487,0.06372086757375724,145683.99388737624,9.813013194623215,-10.458713830342747,0.5550428943947899,4082.8905436757195,0.27501620259165566,True
5,2,2,5_2,0.8,1.9770341851177654e-05,56043,11548,0.20605606409364238,2.967472859736157,2.967472859736157,115477.82104341139,9.999811313076844,0.059057845514374784,111854.33723445682,9.6860354376911,-10.323061406151687,0.5591220568065901,3623.4838089545665,0.31377587538574353,True
5,2,2,5_2,0.85,2.3431516268062405e-05,56043,8502,0.15170494084899094,3.012297187728389,3.012297187728389,83861.696459998,9.863761051517054,0.055516349094330744,80910.74769895512,9.51667227698837,-10.164484102568773,0.573086423433642,2950.948761042877,0.34708877452868464,True
5,2,2,5_2,0.9,2.8557160451701053e-05,56043,5772,0.10299234516353514,3.0160375383786544,3.0160375383786544,55807.81899546916,9.668714309679341,0.0492030492030492,53601.656095419894,9.286496205027701,-9.967580339416065,0.6012499051519979,2206.1629000492685,0.3822181046516404,True
5,2,2,5_2,0.95,3.954068370235531e-05,56043,2915,0.05201363238941527,2.907728956135407,2.907728956135407,26992.63904045779,9.259910477000957,0.06401879421456691,25756.011675393434,8.835681535297919,-9.613996970598656,0.6744231438096087,1236.6273650643561,0.4242289417030381,True
5,3,1,5_3,0.7,2.652928916427765e-05,36465,11144,0.30560811737282323,3.1101277560915728,3.1101277560915728,109323.80702266115,9.8101047220622,0.09440057430007179,106431.44346856573,9.55056025381961,-10.063356228496477,0.48291596281703764,2892.363554095413,0.2595444682425891,True
5,3,1,5_3,0.75,2.9845450309812354e-05,36465,9218,0.25279034690799396,3.225233360252978,3.225233360252978,90059.3886804214,9.769948869648665,0.09004122369277501,87345.00670977942,9.475483479038774,-9.970087078517516,0.4810504930008812,2714.3819706419745,0.2944653906098909,True
5,3,1,5_3,0.8,3.316161145534706e-05,36465,7640,0.20951597422185658,3.3171946777124868,3.3171946777124868,74283.0979456596,9.722918579274817,0.09005235602094241,71781.1463656642,9.39543800597699,-9.882561315898641,0.4840505348511551,2501.951579995395,0.3274805732978266,True
5,3,1,5_3,0.85,3.813585317364912e-05,36465,5768,0.15817907582613466,3.395109035288824,3.395109035288824,55547.37959300904,9.63026691973111,0.08425797503467407,53430.10421261303,9.26319421161807,-9.756838163687886,0.4953418176228062,2117.275380396015,0.36707270811304005,True
5,3,1,5_3,0.9,4.642625603748588e-05,36465,3723,0.1020979020979021,3.440397021203367,3.440397021203367,35219.71680183623,9.46003674505405,0.07547676604888531,33641.215720729706,9.036050421898928,-9.567876005377425,0.5270073420619996,1578.5010811065222,0.4239863231551228,True
5,3,1,5_3,0.95,6.134898119239206e-05,36465,1838,0.05040449746332099,3.2983403124580533,3.2983403124580533,16718.489679939594,9.096022676789769,0.07112460803522638,15824.95866670601,8.609879579274217,-9.263835417614734,0.6110158609011683,893.5310132335835,0.4861430975155514,True
5,3,2,5_3,0.7,2.654768583822548e-05,36419,11103,0.3048683379554628,3.1065837859983954,3.1065837859983954,108886.38079656157,9.806933333023649,0.09438890389984689,105976.12558069795,9.544819020147523,-10.06186575639628,0.4854805386455151,2910.2552158636245,0.2621143128761258,True
5,3,2,5_3,0.75,2.831753156077385e-05,36419,10055,0.27609214970207857,3.1756139483123413,3.1756139483123413,98435.43335135505,9.789699985216812,0.09617105917454002,95590.62106794197,9.506774845145895,-10.012389085422152,0.4840681100100637,2844.8122834130772,0.2829251400709177,True
5,3,2,5_3,0.8,3.362706872841895e-05,36419,7410,0.20346522419616134,3.315032735615479,3.315032735615479,71933.63975719427,9.70764369192905,0.08758434547908232,69469.58254825008,9.37511235468962,-9.8682198638362,0.4879818407838106,2464.057208944185,0.3325313372394311,True
5,3,2,5_3,0.85,3.893660589606404e-05,36419,5531,0.15187127598231692,3.4072028070603264,3.4072028070603264,53189.531943701266,9.616621215639354,0.08732598083529199,51089.49845949951,9.236936984179987,-9.738155803196202,0.5017455421819678,2100.0334842017546,0.37968423145936625,True
5,3,2,5_3,0.9,4.60159887862575e-05,36419,3839,0.1054120102144485,3.4676554577503143,3.4676554577503143,36411.17659645801,9.484547172820529,0.08257358687158114,34736.09279090506,9.048213803309471,-9.581278680351797,0.5303656144203439,1675.083805552953,0.43633336951105833,True
5,3,2,5_3,0.95,6.017475456664443e-05,36419,1940,0.05326889810263873,3.320443263157555,3.320443263157555,17710.38365131375,9.129063737790593,0.08214839789260048,16748.66755466039,8.633333791062057,-9.287305508656498,0.6133988155793095,961.7160966533593,0.4957299467285357,True
5,4,1,5_4,0.7,1.3986181652527303e-05,60954,22062,0.36194507333398956,3.2516598196350834,3.2516598196350834,232643.60383952316,10.544991561940131,0.19640105158190554,225765.67423691458,10.233236979281777,-10.733323920073355,0.4871448035436136,6877.929602608579,0.3117545826583528,True
5,4,1,5_4,0.75,1.5984207602888346e-05,60954,17729,0.2908586803163041,3.385903753470466,3.385903753470466,186054.4896888095,10.49435894234359,0.19628856675503412,179855.13704769086,10.144685940983184,-10.624780957507255,0.4850996078882367,6199.352641118632,0.3496730013604057,True
5,4,1,5_4,0.8,1.798223355324939e-05,60954,14249,0.2337664468287561,3.4770372271259777,3.4770372271259777,148609.6803095719,10.429481388839351,0.19468032844410135,143163.8199230282,10.047288927154762,-10.522418209326798,0.4892981736331352,5445.8603865437035,0.38219246168458865,True
5,4,1,5_4,0.85,2.1978285453971477e-05,60954,9288,0.1523772024805591,3.538964763228238,3.538964763228238,95326.00154702549,10.263350726423933,0.18690783807062877,91328.28613492777,9.832933477059406,-10.331594302006337,0.511119630614475,3997.715412097721,0.4304172493645264,True
5,4,1,5_4,0.9,2.5974337354693564e-05,60954,6226,0.10214259933720511,3.487685362788021,3.487685362788021,62681.961805305706,10.067774141552475,0.17025377449405718,59819.01786698079,9.607937338095212,-10.156421436574444,0.543817554942084,2862.943938324919,0.45983680345726297,True
5,4,1,5_4,0.95,3.3966441156137736e-05,60954,3131,0.05136660432457263,3.243631376767206,3.243631376767206,30222.062770253004,9.652527234191314,0.14308527626956244,28714.54878847449,9.171047201684603,-9.844431530627604,0.6217215892086577,1507.513981778513,0.4814800325067113,True
5,4,2,5_4,0.7,1.608463736179778e-05,59020,17763,0.30096577431379196,3.327392243944693,3.327392243944693,185671.8241651936,10.4527289402237,0.19264763834937793,179678.9352820428,10.115348493049755,-10.607980508035185,0.4887086160447824,5992.888883150794,0.3373804471739455,True
5,4,2,5_4,0.75,1.608463736179778e-05,59020,17763,0.30096577431379196,3.327392243944693,3.327392243944693,185671.8241651936,10.4527289402237,0.19264763834937793,179678.9352820428,10.115348493049755,-10.607980508035185,0.4887086160447824,5992.888883150794,0.3373804471739455,True
5,4,2,5_4,0.8,1.8095217032022503e-05,59020,14341,0.24298542866824804,3.413082666838902,3.413082666838902,148950.7925988885,10.38636026768625,0.18562164423680358,143695.4633667614,10.019905401768455,-10.505455222683267,0.49118583559751866,5255.329232127115,0.36645486591779614,True
5,4,2,5_4,0.85,2.211637637247195e-05,59020,9546,0.16174178244662826,3.5103320690730575,3.5103320690730575,97763.00668823352,10.241253581419812,0.17944688874921433,93758.02048024224,9.82170757178318,-10.320838538591305,0.5090569178027087,4004.9862079912855,0.41954600963663163,True
5,4,2,5_4,0.9,2.613753571292139e-05,59020,6449,0.1092680447305998,3.475691633304084,3.475691633304084,64842.95637709068,10.054730404262783,0.16715769886804155,61937.695260817665,9.604232479580968,-10.148210599480768,0.5392925148393769,2905.2611162730173,0.4504979246818138,True
5,4,2,5_4,0.95,3.417985439382028e-05,59020,3251,0.05508302270416808,3.242483098009298,3.242483098009298,31357.59747164273,9.645523676297364,0.13195939710858198,29822.40475224785,9.173301984696355,-9.837939898494552,0.6139744566497716,1535.1927193948795,0.4722216916010088,True
5,5,1,5_5,0.7,1.1552966224078033e-05,69167,25554,0.36945364118727136,3.0402688621784897,3.0402688621784897,270655.66249496676,10.591518450926147,0.18916803631525397,262730.6757459535,10.28139139649188,-10.87843685656871,0.5363789892455333,7924.986749013246,0.31012705443426647,True
5,5,1,5_5,0.75,1.3203389970374895e-05,69167,20720,0.2995648213743548,3.1233751853195773,3.1233751853195773,217914.2188730709,10.51709550545709,0.1842181467181467,210955.13281126987,10.181232278536191,-10.764088614223802,0.5345114007069337,6959.086061801034,0.3358632269208993,True
5,5,1,5_5,0.8,1.6504237462968617e-05,69167,13952,0.2017146905316119,3.215597430654003,3.215597430654003,144487.88794343558,10.356069950074223,0.17495699541284404,139212.4588679916,9.977957200974169,-10.560547862559574,0.5438816357117162,5275.429075443972,0.3781127491000553,True
5,5,1,5_5,0.85,1.8154661209265477e-05,69167,11511,0.1664232943455694,3.2136294212178664,3.2136294212178664,118096.75753727678,10.25946985815974,0.16410390061680133,113611.69074594704,9.869836742763187,-10.464836417639914,0.5533324683184639,4485.066791329737,0.3896331153965543,True
5,5,1,5_5,0.9,2.14555087018592e-05,69167,8134,0.11759943325574335,3.1914093870062312,3.1914093870062312,81972.39157373266,10.077746689664698,0.15515121711335136,78627.80293152321,9.666560478426753,-10.293201797118854,0.5762877346638248,3344.588642209448,0.4111862112379454,True
5,5,1,5_5,0.95,2.970762743334351e-05,69167,3831,0.055387684878627094,2.935320221562434,2.935320221562434,36653.740611336354,9.567669175498917,0.09997389715478987,35117.33729594098,9.16662419627799,-9.907396373529444,0.6433011347380224,1536.4033153953715,0.401044979220927,True
5,5,2,5_5,0.7,1.373095902166917e-05,66213,19963,0.30149668494102366,3.1106146745478402,3.1106146745478402,208993.4672092289,10.469041086471417,0.18444121625006263,202357.2797063491,10.136616726261037,-10.72206186645582,0.5351307963100701,6636.187502879795,0.33242436021037897,True
5,5,2,5_5,0.75,1.373095902166917e-05,66213,19963,0.30149668494102366,3.1106146745478402,3.1106146745478402,208993.4672092289,10.469041086471417,0.18444121625006263,202357.2797063491,10.136616726261037,-10.72206186645582,0.5351307963100701,6636.187502879795,0.33242436021037897,True
5,5,2,5_5,0.8,1.716369877708646e-05,66213,13377,0.20202981287662544,3.181738525195017,3.181738525195017,137709.3381640347,10.294485920911617,0.1684981684981685,132810.97946814928,9.928308250590511,-10.51436387331414,0.5430580276658612,4898.3586958854285,0.36617767032110554,True
5,5,2,5_5,0.85,1.8880068654795108e-05,66213,11123,0.16798815942488635,3.193360526986736,3.193360526986736,113531.54020224206,10.20691721677983,0.1569720399172885,109304.63361933384,9.826902240342879,-10.421482361865351,0.5508860830730614,4226.906582908225,0.3800149764369527,True
5,5,2,5_5,0.9,2.4029178287921047e-05,66213,6732,0.10167187712382765,3.1539942976035036,3.1539942976035036,66911.44739443678,9.939311853006057,0.14215686274509803,64163.848027233325,9.531171721217072,-10.1719879216275,0.5837847546246282,2747.599367203453,0.4081401317889859,True
5,5,2,5_5,0.95,3.261102767646428e-05,66213,3416,0.0515910772808965,2.965023749741496,2.965023749741496,32443.339362178027,9.497464684478345,0.1132903981264637,31031.650966355046,9.08420695736389,-9.821960352847718,0.6446458908412854,1411.688395822981,0.4132577271144558,True
5,6,1,5_6,0.7,1.8838156686368238e-05,39669,12983,0.3272832690514003,3.2758067914708655,3.2758067914708655,133238.7664339469,10.262556145262797,0.38057459755064316,126901.65722217745,9.774447910512013,-10.440221522113958,0.6185710977251636,6337.10921176945,0.48810823475078563,True
5,6,1,5_6,0.75,1.8838156686368238e-05,39669,12983,0.3272832690514003,3.2758067914708655,3.2758067914708655,133238.7664339469,10.262556145262797,0.38057459755064316,126901.65722217745,9.774447910512013,-10.440221522113958,0.6185710977251636,6337.10921176945,0.48810823475078563,True
5,6,1,5_6,0.8,2.3547695857960297e-05,39669,8042,0.20272757064710478,3.056635666314342,3.056635666314342,79546.02010360706,9.891323066849921,0.32031832877393684,75890.864586947,9.436814795690998,-10.170251590819195,0.6528503611301124,3655.155516660059,0.45450827115892306,True
5,6,1,5_6,0.85,2.3547695857960297e-05,39669,8042,0.20272757064710478,3.056635666314342,3.056635666314342,79546.02010360706,9.891323066849921,0.32031832877393684,75890.864586947,9.436814795690998,-10.170251590819195,0.6528503611301124,3655.155516660059,0.45450827115892306,True
5,6,1,5_6,0.9,3.296677420114442e-05,39669,4041,0.10186795734704682,2.764030198308821,2.764030198308821,37665.06064914334,9.320727703326737,0.21950012373174957,36065.044991417446,8.924782229996893,-9.753126626665985,0.7006791419378808,1600.0156577258967,0.3959454733298433,True
5,6,1,5_6,0.95,4.7095391715920594e-05,39669,2170,0.054702664549144166,2.6241949667816,2.6241949667816,19166.867987994803,8.83265805898378,0.14055299539170507,18346.866319605997,8.454777105809216,-9.347645771013184,0.7418808768023403,820.0016683888061,0.37788095317456505,True
5,6,2,5_6,0.7,1.8950161076369148e-05,41514,12825,0.3089319265789854,3.314121004162672,3.314121004162672,131848.67608914367,10.280598525469292,0.38580896686159843,125573.2195112604,9.791284172417965,-10.44156860585987,0.6093631304441741,6275.456577883277,0.4893143530513276,True
5,6,2,5_6,0.75,1.8950161076369148e-05,41514,12825,0.3089319265789854,3.314121004162672,3.314121004162672,131848.67608914367,10.280598525469292,0.38580896686159843,125573.2195112604,9.791284172417965,-10.44156860585987,0.6093631304441741,6275.456577883277,0.4893143530513276,True
5,6,2,5_6,0.8,1.8950161076369148e-05,41514,12825,0.3089319265789854,3.314121004162672,3.314121004162672,131848.67608914367,10.280598525469292,0.38580896686159843,125573.2195112604,9.791284172417965,-10.44156860585987,0.6093631304441741,6275.456577883277,0.4893143530513276,True
5,6,2,5_6,0.85,2.3687701345461435e-05,41514,7877,0.18974321915498385,3.0814619536021017,3.0814619536021017,78007.45544114325,9.903193530677067,0.3220769328424527,74444.18581076738,9.45082973349846,-10.170123021547168,0.643114444766028,3563.269630375871,0.452363797178605,True
5,6,2,5_6,0.9,2.8425241614553722e-05,41514,5340,0.12863130510189333,2.8998405256467663,2.8998405256467663,51176.6536102183,9.583642998168221,0.25767790262172285,48953.65400493344,9.167350937253454,-9.941873049388597,0.6695842542249069,2222.9996052848583,0.41629206091476745,True
5,6,2,5_6,0.95,4.737540269092287e-05,41514,2128,0.05125981596569832,2.6832995643829545,2.6832995643829545,18905.34770091674,8.884091964716513,0.15037593984962405,18066.248004076435,8.48977819740434,-9.363336071061177,0.7327032761483071,839.0996968403051,0.39431376731217344,True
6,1,1,6_1,0.7,2.5019807347483425e-05,26850,12227,0.45538175046554935,3.696289830033386,3.696289830033386,124921.29575420084,10.216839433565129,0.5134538316839781,117552.79611734767,9.614197768655243,-10.224962742571595,0.6125857423123583,7368.499636853172,0.6026416649098857,True
6,1,1,6_1,0.75,2.5019807347483425e-05,26850,12227,0.45538175046554935,3.696289830033386,3.696289830033386,124921.29575420084,10.216839433565129,0.5134538316839781,117552.79611734767,9.614197768655243,-10.224962742571595,0.6125857423123583,7368.499636853172,0.6026416649098857,True
6,1,1,6_1,0.8,3.33597431299779e-05,26850,5949,0.22156424581005588,3.1070868822438285,3.1070868822438285,56984.74624003557,9.578878171127176,0.3978819969742814,53958.79103439672,9.070228783727806,-9.833571802108365,0.6877109054008416,3025.9552056388493,0.5086493873993695,True
6,1,1,6_1,0.85,3.33597431299779e-05,26850,5949,0.22156424581005588,3.1070868822438285,3.1070868822438285,56984.74624003557,9.578878171127176,0.3978819969742814,53958.79103439672,9.070228783727806,-9.833571802108365,0.6877109054008416,3025.9552056388493,0.5086493873993695,True
6,1,1,6_1,0.9,4.169967891247237e-05,26850,3582,0.1334078212290503,2.7697374571020923,2.7697374571020923,32563.219700965616,9.090792769672143,0.30234505862646566,31020.35762996322,8.660066340023233,-9.519961563409138,0.7336906917114424,1542.862071002397,0.4307264296489104,True
6,1,1,6_1,0.95,6.67194862599558e-05,26850,1581,0.05888268156424581,2.4957302012351956,2.4957302012351956,13199.861083994125,8.349058244145557,0.1657179000632511,12638.189601197017,7.993794814166361,-8.946443727625622,0.7802769739542418,561.6714827971082,0.3552634299791956,True
6,1,2,6_1,0.7,3.02614590058102e-05,22208,9816,0.4420028818443804,3.602365861608278,3.602365861608278,97941.99537522835,9.977790889896939,0.5078443357783211,92140.95387271728,9.386812741719364,-10.021369911847676,0.6245444851652072,5801.041502511071,0.5909781481775744,True
6,1,2,6_1,0.75,3.02614590058102e-05,22208,9816,0.4420028818443804,3.602365861608278,3.602365861608278,97941.99537522835,9.977790889896939,0.5078443357783211,92140.95387271728,9.386812741719364,-10.021369911847676,0.6245444851652072,5801.041502511071,0.5909781481775744,True
6,1,2,6_1,0.8,4.034861200774693e-05,22208,4831,0.2175342219020173,3.02799119204663,3.02799119204663,45082.41139592693,9.331900516648092,0.3800455392258332,42720.700101086586,8.843034589336904,-9.624854774100863,0.6949628901780195,2361.7112948403446,0.48886592731118705,True
6,1,2,6_1,0.85,4.034861200774693e-05,22208,4831,0.2175342219020173,3.02799119204663,3.02799119204663,45082.41139592693,9.331900516648092,0.3800455392258332,42720.700101086586,8.843034589336904,-9.624854774100863,0.6949628901780195,2361.7112948403446,0.48886592731118705,True
6,1,2,6_1,0.9,5.043576500968367e-05,22208,2995,0.1348613112391931,2.747532277391542,2.747532277391542,26597.933646012556,8.880779180638584,0.28647746243739564,25334.05715077709,8.458783689741933,-9.322574515073008,0.7339194830090696,1263.876495235465,0.4219954908966494,True
6,1,2,6_1,0.95,9.07843770174306e-05,22208,1125,0.050657420749279536,2.480084066911136,2.480084066911136,9026.420553474727,8.02348493642198,0.13866666666666666,8626.3719684808,7.667886194205156,-8.631386048292146,0.7890435481308029,400.04858499392685,0.35559874221682386,True
6,2,1,6_2,0.7,1.0211062665291577e-05,73875,34161,0.4624162436548223,3.6199206815895058,3.6199206815895058,378281.55846235435,11.073491948782365,0.35520037469629107,363391.08131553634,10.63760081132099,-11.11034790567012,0.4991478171525192,14890.477146818012,0.4358911374613744,True
6,2,1,6_2,0.75,1.276382833161447e-05,73875,22027,0.29816582064297803,3.711428737449887,3.711428737449887,240040.5927570738,10.897561754077897,0.3442139192808826,229513.21502385207,10.419631135599586,-10.900086048721233,0.5117932531160949,10527.377733221743,0.4779306184783104,True
6,2,1,6_2,0.8,1.276382833161447e-05,73875,22027,0.29816582064297803,3.711428737449887,3.711428737449887,240040.5927570738,10.897561754077897,0.3442139192808826,229513.21502385207,10.419631135599586,-10.900086048721233,0.5117932531160949,10527.377733221743,0.4779306184783104,True
6,2,1,6_2,0.85,1.5316593997937365e-05,73875,14445,0.19553299492385787,3.6310869304812328,3.6310869304812328,154184.4815146767,10.673899724103615,0.3167878158532364,147057.5516658837,10.180515864720228,-10.706502681739435,0.5390264072201343,7126.929848793021,0.4933838593833867,True
6,2,1,6_2,0.9,1.786935966426026e-05,73875,9869,0.13359052453468698,3.48663743550744,3.48663743550744,103044.25148682063,10.441204933308404,0.29384942750025334,98154.2156551585,9.94571037138094,-10.530273562987803,0.5720464725594553,4890.035831662128,0.49549456192746255,True
6,2,1,6_2,0.95,2.552765666322894e-05,73875,4020,0.05441624365482234,3.010381118284009,3.010381118284009,39302.15033368183,9.77665431186115,0.1947761194029851,37480.85116168904,9.323594816340558,-10.0783299966775,0.6665647571937614,1821.2991719927886,0.45305949552059416,True
6,2,2,6_2,0.7,1.1207621182404034e-05,68152,30658,0.4498473999295692,3.680977036578571,3.680977036578571,337608.9463620251,11.012099496445467,0.36567943114358403,323762.1805307592,10.560446882730746,-11.025918202473168,0.49876795134707014,13846.76583126589,0.4516526137147201,True
6,2,2,6_2,0.75,1.4009526478005044e-05,68152,19447,0.28534745862190397,3.740592570972199,3.740592570972199,210398.3097911151,10.819062569605343,0.3498225947446907,200856.55162207174,10.328408064075267,-10.81088840580947,0.515499629670491,9541.758169043373,0.4906545055300752,True
6,2,2,6_2,0.8,1.4009526478005044e-05,68152,19447,0.28534745862190397,3.740592570972199,3.740592570972199,210398.3097911151,10.819062569605343,0.3498225947446907,200856.55162207174,10.328408064075267,-10.81088840580947,0.515499629670491,9541.758169043373,0.4906545055300752,True
6,2,2,6_2,0.85,1.681143177360605e-05,68152,12644,0.18552647024298627,3.63931504565975,3.63931504565975,133837.81081562542,10.585084689625546,0.32331540651692503,127449.30325796123,10.079824680319616,-10.614565258532533,0.5463913791382815,6388.507557664183,0.5052600093059303,True
6,2,2,6_2,0.9,1.961333706920706e-05,68152,8556,0.12554290409672497,3.464481861320906,3.464481861320906,88430.68810082198,10.335517543340577,0.2898550724637681,84130.8398821655,9.832963988097884,-10.433535956187772,0.5829488624430192,4299.84821865648,0.5025535552426929,True
6,2,2,6_2,0.95,2.8019052956010088e-05,68152,3479,0.05104765817584223,2.9711139071341304,2.9711139071341304,33585.90864414896,9.653897282020397,0.20465651049152056,31995.115119212205,9.196641310495028,-9.97529846397522,0.683902041329661,1590.7935249367583,0.4572559715253689,True
6,3,1,6_3,0.7,3.7172878667724025e-05,16061,6714,0.418031255837121,3.560738476867522,3.560738476867522,65459.582919400855,9.749714465207157,0.5074471254095919,61299.09256185159,9.130040596045813,-9.809418780788068,0.660380138924452,4160.490357549264,0.6196738691613441,True
6,3,1,6_3,0.75,3.7172878667724025e-05,16061,6714,0.418031255837121,3.560738476867522,3.560738476867522,65459.582919400855,9.749714465207157,0.5074471254095919,61299.09256185159,9.130040596045813,-9.809418780788068,0.660380138924452,4160.490357549264,0.6196738691613441,True
6,3,1,6_3,0.8,4.956383822363204e-05,16061,3307,0.20590249673121225,2.9796049764603785,2.9796049764603785,30060.613762571782,9.089995089982395,0.38615058965830057,28313.128953878633,8.561575129688126,-9.40709777201828,0.7526333729436117,1747.4848086931488,0.5284199602942694,True
6,3,1,6_3,0.85,4.956383822363204e-05,16061,3307,0.20590249673121225,2.9796049764603785,2.9796049764603785,30060.613762571782,9.089995089982395,0.38615058965830057,28313.128953878633,8.561575129688126,-9.40709777201828,0.7526333729436117,1747.4848086931488,0.5284199602942694,True
6,3,1,6_3,0.9,6.195479777954004e-05,16061,2030,0.12639312620633833,2.667277325123564,2.667277325123564,17459.049946756757,8.600517215151111,0.28669950738916256,16522.701101393155,8.139261626302046,-9.089325263417265,0.8132274590215952,936.3488453636019,0.461255588849065,True
6,3,1,6_3,0.95,9.912767644726408e-05,16061,907,0.05647219973849698,2.370835371499071,2.370835371499071,7079.171274376546,7.80503999379994,0.15104740904079383,6721.942318877298,7.4111822699859955,-8.48961967956983,0.8995353798011891,357.2289554992476,0.39385772381394446,True
6,3,2,6_3,0.7,3.0123203903967227e-05,20343,8707,0.42800963476380083,3.680465598202423,3.680465598202423,87271.44327774277,10.023135784741331,0.5093602848282991,81844.36573288136,9.399835274248462,-10.037145274635447,0.6340266645178436,5427.077544861415,0.6233005104928695,True
6,3,2,6_3,0.75,3.0123203903967227e-05,20343,8707,0.42800963476380083,3.680465598202423,3.680465598202423,87271.44327774277,10.023135784741331,0.5093602848282991,81844.36573288136,9.399835274248462,-10.037145274635447,0.6340266645178436,5427.077544861415,0.6233005104928695,True
6,3,2,6_3,0.8,4.01642718719563e-05,20343,4272,0.20999852529125498,3.1155443245202283,3.1155443245202283,40153.18279122653,9.399153275099843,0.40426029962546817,37809.19070735638,8.850465989549713,-9.649841131874645,0.7244657403807299,2343.992083870151,0.548687285550129,True
6,3,2,6_3,0.85,4.01642718719563e-05,20343,4272,0.20999852529125498,3.1155443245202283,3.1155443245202283,40153.18279122653,9.399153275099843,0.40426029962546817,37809.19070735638,8.850465989549713,-9.649841131874645,0.7244657403807299,2343.992083870151,0.548687285550129,True
6,3,2,6_3,0.9,5.0205339839945374e-05,20343,2545,0.12510445853610577,2.753433354677642,2.753433354677642,22626.71768058992,8.890655277245548,0.306090373280943,21410.53550270539,8.41278408750703,-9.32907949439703,0.7915410300935403,1216.1821778845333,0.47787118973851994,True
6,3,2,6_3,0.95,8.03285437439126e-05,20343,1061,0.05215553261564174,2.355992455759898,2.355992455759898,8484.235500332148,7.996451932452543,0.15174363807728558,8086.869797354356,7.621931948496094,-8.691918306548708,0.8846965615842902,397.36570297779235,0.374519983956449,True
6,4,1,6_4,0.7,2.8871972051931052e-05,21008,9507,0.45254188880426505,3.2879116600488647,3.2879116600488647,93579.29202321099,9.843198908510676,0.4785947196802356,88330.79982896395,9.291132831488792,-10.015559445857015,0.6729894234312512,5248.492194247039,0.5520660770218827,True
6,4,1,6_4,0.75,2.8871972051931052e-05,21008,9507,0.45254188880426505,3.2879116600488647,3.2879116600488647,93579.29202321099,9.843198908510676,0.4785947196802356,88330.79982896395,9.291132831488792,-10.015559445857015,0.6729894234312512,5248.492194247039,0.5520660770218827,True
6,4,1,6_4,0.8,3.8495962735908074e-05,21008,4957,0.23595773038842346,2.8162314208457317,2.8162314208457317,45659.57271788157,9.211130263845385,0.35303611055073636,43452.83949111587,8.76595511218799,-9.61436655739894,0.7296228038700763,2206.733226765704,0.44517515165739435,True
6,4,1,6_4,0.85,4.811995341988509e-05,21008,3207,0.15265613099771516,2.5926252539500982,2.5926252539500982,28155.22566040496,8.77930329292328,0.24789522918615528,26953.569304552813,8.40460533350571,-9.313919535150093,0.7531013922212201,1201.6563558521484,0.37469795941757045,True
6,4,1,6_4,0.9,5.7743944103862104e-05,21008,2412,0.11481340441736482,2.5325020207162003,2.5325020207162003,20583.6850277693,8.533866097748467,0.22056384742951907,19724.528603070677,8.177665258321177,-9.106964390346095,0.7624492518109581,859.1564246986236,0.35620083942729003,True
6,4,1,6_4,0.95,9.623990683977018e-05,21008,1133,0.053931835491241434,2.418445190448698,2.418445190448698,8943.030168394685,7.893230510498398,0.12444836716681378,8580.074832795272,7.572881582343576,-8.543669175069645,0.7832258685746429,362.95533559941396,0.3203489281548226,True
6,4,2,6_4,0.7,3.152518862571195e-05,20454,9035,0.4417228903881881,3.313371682532074,3.313371682532074,88282.43299255703,9.771160264809854,0.4804648588821251,83301.97603063897,9.219919870574317,-9.93245420163322,0.6648194567120361,4980.456961918069,0.5512403942355362,True
6,4,2,6_4,0.75,3.152518862571195e-05,20454,9035,0.4417228903881881,3.313371682532074,3.313371682532074,88282.43299255703,9.771160264809854,0.4804648588821251,83301.97603063897,9.219919870574317,-9.93245420163322,0.6648194567120361,4980.456961918069,0.5512403942355362,True
6,4,2,6_4,0.8,4.2033584834282594e-05,20454,4694,0.22949056419282293,2.83705602346698,2.83705602346698,42907.18139989019,9.14085671067111,0.35066041755432464,40824.64141319547,8.697196722027156,-9.53269240764296,0.7198148397654996,2082.539986694719,0.4436599886439538,True
6,4,2,6_4,0.85,4.2033584834282594e-05,20454,4694,0.22949056419282293,2.83705602346698,2.83705602346698,42907.18139989019,9.14085671067111,0.35066041755432464,40824.64141319547,8.697196722027156,-9.53269240764296,0.7198148397654996,2082.539986694719,0.4436599886439538,True
6,4,2,6_4,0.9,6.30503772514239e-05,20454,2289,0.11190965092402463,2.5702823642955606,2.5702823642955606,19424.46275212927,8.48600382356019,0.2236784622105723,18589.52812935786,8.121244267958872,-9.034748370501235,0.7531988534489411,834.9346227714123,0.36475955560131595,True
6,4,2,6_4,0.95,0.00010508396208570648,20454,1043,0.05099247091033539,2.410854140357217,2.410854140357217,8131.3903856336565,7.796155690923928,0.12080536912751678,7812.143269457371,7.490070248760663,-8.451960396637439,0.7717509666592096,319.2471161762851,0.3060854421632647,True
6,5,1,6_5,0.7,1.6500107250697128e-05,37091,17244,0.46491062521905585,3.5034370167065054,3.5034370167065054,181585.48367959214,10.530357439085604,0.4985502203665043,171452.07346069324,9.942708968956927,-10.612692844710269,0.646217222368232,10133.410218898905,0.5876484701286769,True
6,5,1,6_5,0.75,1.6500107250697128e-05,37091,17244,0.46491062521905585,3.5034370167065054,3.5034370167065054,181585.48367959214,10.530357439085604,0.4985502203665043,171452.07346069324,9.942708968956927,-10.612692844710269,0.646217222368232,10133.410218898905,0.5876484701286769,True
6,5,1,6_5,0.8,2.2000143000929507e-05,37091,8647,0.23312933056536625,2.9649846542209235,2.9649846542209235,85527.79013849155,9.891036213541291,0.3852203076211403,81288.31710169783,9.40075368355474,-10.215551777807342,0.7186311841829707,4239.473036793715,0.49028252998655203,True
6,5,1,6_5,0.85,2.2000143000929507e-05,37091,8647,0.23312933056536625,2.9649846542209235,2.9649846542209235,85527.79013849155,9.891036213541291,0.3852203076211403,81288.31710169783,9.40075368355474,-10.215551777807342,0.7186311841829707,4239.473036793715,0.49028252998655203,True
6,5,1,6_5,0.9,3.3000214501394256e-05,37091,3837,0.10344827586206896,2.5258012272099193,2.5258012272099193,34863.4531792413,9.086122798864036,0.21214490487359916,33459.00204988174,8.720094357540198,-9.66360313188448,0.7764550559667939,1404.4511293595642,0.36602844132383744,True
6,5,1,6_5,0.95,4.950032175209139e-05,37091,2077,0.05599741177104958,2.4094530514924446,2.4094530514924446,17752.61339803083,8.547238034680227,0.1386615310544054,17062.75592015587,8.215096735751501,-9.204036312288377,0.8012662346543092,689.8574778749608,0.33214129892872446,True
6,5,2,6_5,0.7,1.8515432613083006e-05,34081,15318,0.44945864264546226,3.496595191945729,3.496595191945729,159480.1148914321,10.41128834648336,0.4981068024546285,150512.5171639057,9.825859587668475,-10.496360466091266,0.646000831511802,8967.597727526416,0.5854287588148854,True
6,5,2,6_5,0.75,1.8515432613083006e-05,34081,15318,0.44945864264546226,3.496595191945729,3.496595191945729,159480.1148914321,10.41128834648336,0.4981068024546285,150512.5171639057,9.825859587668475,-10.496360466091266,0.646000831511802,8967.597727526416,0.5854287588148854,True
6,5,2,6_5,0.8,2.4687243484110674e-05,34081,7688,0.22558023532173352,2.959296989698151,2.959296989698151,75122.6960985568,9.771422489406453,0.37421956295525494,71380.87747934449,9.284713511881437,-10.09883675923006,0.7171101648025725,3741.8186192123103,0.48670897752501435,True
6,5,2,6_5,0.85,2.4687243484110674e-05,34081,7688,0.22558023532173352,2.959296989698151,2.959296989698151,75122.6960985568,9.771422489406453,0.37421956295525494,71380.87747934449,9.284713511881437,-10.09883675923006,0.7171101648025725,3741.8186192123103,0.48670897752501435,True
6,5,2,6_5,0.9,3.085905435513834e-05,34081,4811,0.14116369824829084,2.6878849475215616,2.6878849475215616,44824.56399338234,9.317099146410797,0.2951569320307628,42807.430997188574,8.89782394454138,-9.793622911611173,0.7568675592825228,2017.1329961937663,0.41927520186941725,True
6,5,2,6_5,0.95,5.554629783924901e-05,34081,1839,0.05395968428156451,2.4008581071056714,2.4008581071056714,15487.194588464215,8.421530499436768,0.13159325720500273,14888.102371322631,8.095759853900288,-9.084445516935755,0.7989775165551383,599.0922171415841,0.3257706455364786,True
6,6,1,6_6,0.7,5.731436355264993e-06,93461,51949,0.5558361241587401,3.53542280727387,3.53542280727387,602893.7694860103,11.60549326235366,0.46553350401355176,573262.8019155833,11.035107546162262,-11.675132851338834,0.6229419939255363,29630.96757042699,0.5703857161913991,True
6,6,1,6_6,0.75,7.641915140353324e-06,93461,27765,0.29707578562181014,3.2208816031061134,3.2208816031061134,309010.42616789043,11.129494909702519,0.4073473797947056,293850.86707197723,10.583499624418414,-11.331590674132753,0.6874216536450494,15159.559095913195,0.5459952852841057,True
6,6,1,6_6,0.8,7.641915140353324e-06,93461,27765,0.29707578562181014,3.2208816031061134,3.2208816031061134,309010.42616789043,11.129494909702519,0.4073473797947056,293850.86707197723,10.583499624418414,-11.331590674132753,0.6874216536450494,15159.559095913195,0.5459952852841057,True
6,6,1,6_6,0.85,9.552393925441655e-06,93461,16455,0.17606274274831213,2.863540810917566,2.863540810917566,175156.63338507473,10.644584222733195,0.3245214220601641,167211.74211706602,10.161758864604439,-11.022105882892237,0.7498114862633134,7944.891268008709,0.48282535812875776,True
6,6,1,6_6,0.9,1.1462872710529986e-05,93461,11115,0.11892661109981703,2.633727346885221,2.633727346885221,113986.14880896537,10.255164085377002,0.25838956365272153,109223.38986878461,9.826665755176304,-10.764299965233612,0.7921643476201017,4762.758940180764,0.4284983302006985,True
6,6,1,6_6,0.95,1.719430906579498e-05,93461,5456,0.05837729106258226,2.3598964821938226,2.3598964821938226,52066.556650305865,9.542990588399169,0.1436950146627566,50181.52011613826,9.197492689908039,-10.235582007582137,0.8461503885448283,1885.036534167608,0.3454978984911305,True
6,6,2,6_6,0.7,6.549485456048859e-06,109950,34564,0.31436107321509776,3.2559313876630886,3.2559313876630886,390794.7930812811,11.306411094817761,0.40140030089110057,372186.611860864,10.768042236455965,-11.49284817491435,0.6695687282953633,18608.181220417144,0.5383688583617968,True
6,6,2,6_6,0.75,6.549485456048859e-06,109950,34564,0.31436107321509776,3.2559313876630886,3.2559313876630886,390794.7930812811,11.306411094817761,0.40140030089110057,372186.611860864,10.768042236455965,-11.49284817491435,0.6695687282953633,18608.181220417144,0.5383688583617968,True
6,6,2,6_6,0.8,6.549485456048859e-06,109950,34564,0.31436107321509776,3.2559313876630886,3.2559313876630886,390794.7930812811,11.306411094817761,0.40140030089110057,372186.611860864,10.768042236455965,-11.49284817491435,0.6695687282953633,18608.181220417144,0.5383688583617968,True
6,6,2,6_6,0.85,8.186856820061074e-06,109950,20690,0.18817644383810822,2.9328233407754976,2.9328233407754976,224581.3525440045,10.854584463219163,0.3303528274528758,214504.81959849878,10.367560154591532,-11.195602658387454,0.7272131431508143,10076.532945505722,0.48702430862763274,True
6,6,2,6_6,0.9,9.824228184073288e-06,109950,13855,0.1260118235561619,2.694079511539533,2.694079511539533,145027.3153921034,10.467507426351743,0.2626488632262721,139016.01317611328,10.033635018124379,-10.940367894069002,0.7697627866999138,6011.302215990116,0.4338724082273631,True
6,6,2,6_6,0.95,1.637371364012215e-05,109950,5665,0.05152341973624375,2.365312967721548,2.365312967721548,54377.11259761501,9.598784218466903,0.12797881729920565,52455.80299581534,9.259629831564933,-10.28740053572862,0.8352485886659856,1921.309601799665,0.33915438690197086,True
7,1,1,7_1,0.7,9.86558145270687e-06,75963,33657,0.4430709687611074,3.409872933232402,3.409872933232402,369926.53933537006,10.99107286256559,0.3478919689811926,355893.5557942962,10.5741318535311,-11.11149884125286,0.5282977937665368,14032.98354107386,0.4169410090344909,True
7,1,1,7_1,0.75,1.2331976815883586e-05,75963,21948,0.28893013704040127,3.420181355912051,3.420181355912051,236466.98886967462,10.773965230074477,0.31447056679424096,227030.0723475942,10.343998193347648,-10.890122752254253,0.5358406576871397,9436.916522080428,0.42996703672682834,True
7,1,1,7_1,0.8,1.2331976815883586e-05,75963,21948,0.28893013704040127,3.420181355912051,3.420181355912051,236466.98886967462,10.773965230074477,0.31447056679424096,227030.0723475942,10.343998193347648,-10.890122752254253,0.5358406576871397,9436.916522080428,0.42996703672682834,True
7,1,1,7_1,0.85,1.4798372179060304e-05,75963,15046,0.19807011308136857,3.378614264544984,3.378614264544984,158992.56551026012,10.56709859831584,0.2899774026319287,152393.55875592615,10.128509820279552,-10.700580521988842,0.5519009978369561,6599.006754333968,0.4385887780362866,True
7,1,1,7_1,0.9,1.973116290541374e-05,75963,7832,0.10310282637599884,3.155840306860174,3.155840306860174,79397.96225399786,10.137635629979298,0.2355720122574055,76113.10873761756,9.718221238204489,-10.369455048850119,0.5926619779266089,3284.8535163803026,0.4194143917748088,True
7,1,1,7_1,0.95,2.713034899494389e-05,75963,3864,0.05086686939694325,2.8766262666245175,2.8766262666245175,37138.689328650114,9.611462041576116,0.161231884057971,35694.156958317646,9.237618260434173,-9.981986415877893,0.6383327197327892,1444.5323703324684,0.37384378114194317,True
7,1,2,7_1,0.7,1.0064898465304282e-05,86710,29124,0.33587821473878443,3.3709826051490066,3.3709826051490066,318849.4062015943,10.947994993874271,0.3018129377832715,306943.74452828645,10.539202874889659,-11.08469052332192,0.5308047850453158,11905.661673307826,0.40879211898461154,True
7,1,2,7_1,0.75,1.0064898465304282e-05,86710,29124,0.33587821473878443,3.3709826051490066,3.3709826051490066,318849.4062015943,10.947994993874271,0.3018129377832715,306943.74452828645,10.539202874889659,-11.08469052332192,0.5308047850453158,11905.661673307826,0.40879211898461154,True
7,1,2,7_1,0.8,1.2077878158365139e-05,86710,20334,0.2345058240110714,3.370983389658784,3.370983389658784,218909.21323538153,10.7656739075136,0.28405626045047705,210305.79309161942,10.342568756349927,-10.902369106081704,0.5416760670907921,8603.420143762109,0.4231051511636721,True
7,1,2,7_1,0.85,1.4090857851425995e-05,86710,14558,0.16789297658862876,3.299092837257968,3.299092837257968,153842.3174029133,10.567544814048173,0.25827723588405,147696.12162581892,10.145357990508238,-10.735030187500033,0.5578959576638488,6146.19577709437,0.42218682353993475,True
7,1,2,7_1,0.9,1.610383754448685e-05,86710,10798,0.1245300426709722,3.2080938375556043,3.2080938375556043,112036.84401879026,10.375703280125046,0.23078347842192998,107553.72627085655,9.960522899690364,-10.583573653720311,0.5751646985651544,4483.117747933706,0.41518038043468286,True
7,1,2,7_1,0.95,2.4155756316730277e-05,86710,4426,0.05104370891477338,2.896208864793037,2.896208864793037,43124.62629374722,9.743476342916226,0.14301852688657932,41474.564295345546,9.370665227145402,-10.103619784394828,0.6308017612439561,1650.061998401674,0.37281111577082554,True
7,2,1,7_2,0.7,7.259663649412175e-06,130561,40036,0.30664593561630193,3.1826056647851986,3.1826056647851986,446622.7396143937,11.155528514696615,0.20646418223598761,433867.35022014275,10.836930518037335,-11.375009092573277,0.5074397526256752,12755.389394250931,0.3185979966592799,True
7,2,1,7_2,0.75,7.259663649412175e-06,130561,40036,0.30664593561630193,3.1826056647851986,3.1826056647851986,446622.7396143937,11.155528514696615,0.20646418223598761,433867.35022014275,10.836930518037335,-11.375009092573277,0.5074397526256752,12755.389394250931,0.3185979966592799,True
7,2,1,7_2,0.8,8.296758456471056e-06,130561,31770,0.24333453328329285,3.2530444215656704,3.2530444215656704,351633.03360198415,11.068084154925533,0.2006924771797293,340878.7169655438,10.729578752456526,-11.255801777040551,0.5056317068190264,10754.316636440344,0.33850540246900673,True
7,2,1,7_2,0.85,1.0370948070588821e-05,130561,20529,0.15723684714424674,3.2945141924395096,3.2945141924395096,223174.88847209868,10.871201153105298,0.17877149398412004,215756.7507786834,10.509851954731522,-11.040680012854592,0.5128351557523649,7418.1376934152795,0.36134919837377755,True
7,2,1,7_2,0.9,1.2445137684706586e-05,130561,13915,0.10657853417176645,3.270207998897718,3.270207998897718,148522.63948192506,10.673563742862024,0.16536112109234638,143319.5561115595,10.29964470798128,-10.853692286096075,0.5276525424654788,5203.083370365552,0.3739190348807439,True
7,2,1,7_2,0.95,1.6593516912942112e-05,130561,7227,0.055353436324783054,3.1092423120207067,3.1092423120207067,74284.3338556595,10.278723378394838,0.1274387712743877,71642.34580430441,9.913151488073115,-10.53239458922554,0.5612665033321194,2641.988051355089,0.36557189032172255,True
7,2,2,7_2,0.7,6.3367742017248696e-06,138895,48154,0.3466935454839987,3.078565308741745,3.078565308741745,540274.2787803749,11.21971754745971,0.18982846700170286,526257.2551742712,10.928630127803945,-11.488039647149813,0.5125117241023007,14017.023606103729,0.29108741965576546,True
7,2,2,7_2,0.75,7.242027659114137e-06,138895,39013,0.2808812412253861,3.172520764212308,3.172520764212308,435041.86969182326,11.151202668131733,0.18775792684489787,422751.95057082054,10.836181543865392,-11.375314532269794,0.507221736220502,12289.91912100272,0.31502112426633994,True
7,2,2,7_2,0.8,8.147281116503404e-06,138895,31688,0.22814356168328592,3.2276004806237815,3.2276004806237815,350781.01855983573,11.069837748038239,0.18145670285281496,340274.2755290273,10.738269235326536,-11.268912759546312,0.5064067457518298,10506.743030808459,0.33156851271170346,True
7,2,2,7_2,0.85,9.957788031281938e-06,138895,21392,0.15401562331257423,3.262876236767042,3.262876236767042,232999.02868644195,10.891876808453718,0.16342557965594615,225475.20744047547,10.540164895310184,-11.07524013319312,0.512949925722095,7523.821245966479,0.351711913143534,True
7,2,2,7_2,0.9,1.1768294946060473e-05,138895,15071,0.10850642571726844,3.2527732900466684,3.2527732900466684,161536.49750820128,10.718366233707204,0.15008957600690068,156029.64585224065,10.352972321162541,-10.906204203131725,0.5253471493479185,5506.851655960636,0.3653939125446643,True
7,2,2,7_2,0.95,1.6294562233006808e-05,138895,7234,0.052082508369631735,3.0871158888156605,3.0871158888156605,74375.15704750034,10.281332187932035,0.11086535803151783,71779.99290149109,9.922586798657878,-10.545549032477995,0.5617546657556465,2595.1641460092505,0.35874538927415683,True
7,4,1,7_4,0.7,7.805532952033048e-06,109464,38741,0.35391544251991525,3.560417678214294,3.560417678214294,438171.8226967142,11.310286845892316,0.3848377687721019,420383.8091651518,10.851134693610176,-11.370116445156818,0.5278091610919561,17788.013531562407,0.4591521522821405,True
7,4,1,7_4,0.75,7.805532952033048e-06,109464,38741,0.35391544251991525,3.560417678214294,3.560417678214294,438171.8226967142,11.310286845892316,0.3848377687721019,420383.8091651518,10.851134693610176,-11.370116445156818,0.5278091610919561,17788.013531562407,0.4591521522821405,True
7,4,1,7_4,0.8,9.75691619004131e-06,109464,23832,0.21771541328655997,3.4286702080240854,3.4286702080240854,262464.91609461815,11.01313008117733,0.3397113125209802,251852.97732241618,10.567848998087285,-11.12578621311132,0.5456535947789758,10611.938772201975,0.44528108309004594,True
7,4,1,7_4,0.85,9.75691619004131e-06,109464,23832,0.21771541328655997,3.4286702080240854,3.4286702080240854,262464.91609461815,11.01313008117733,0.3397113125209802,251852.97732241618,10.567848998087285,-11.12578621311132,0.5456535947789758,10611.938772201975,0.44528108309004594,True
7,4,1,7_4,0.9,1.3659682666057836e-05,109464,11159,0.1019421910399766,3.136267038337883,3.136267038337883,117080.40201222964,10.492015593890997,0.2517250649699794,112635.32195157645,10.093675235377404,-10.732955662658686,0.5804900271872856,4445.080060653185,0.39834035851359306,True
7,4,1,7_4,0.95,1.7562449142074358e-05,109464,6559,0.05991924285609881,2.9660847629337237,2.9660847629337237,66358.4955457148,10.11716657199494,0.18554657722213752,63953.39220885736,9.750479068281347,-10.441122436787493,0.6030932606187855,2405.1033368574426,0.3666875037135909,True
7,4,2,7_4,0.7,6.132655470481996e-06,131642,52329,0.3975099132495708,3.4781030539097038,3.4781030539097038,602089.1856156276,11.505841610113466,0.3640428825316746,579348.6863851156,11.071273794360978,-11.598348240237065,0.526722831575068,22740.499230511952,0.43456781575248815,True
7,4,2,7_4,0.75,7.665819338102495e-06,131642,33279,0.25279925859528113,3.4307988575436115,3.4307988575436115,374574.17121117795,11.255571718236062,0.3271732924667208,360057.9372080982,10.819373695366393,-11.367351766949044,0.5382164788857277,14516.234003079764,0.43619802286967047,True
7,4,2,7_4,0.8,7.665819338102495e-06,131642,33279,0.25279925859528113,3.4307988575436115,3.4307988575436115,374574.17121117795,11.255571718236062,0.3271732924667208,360057.9372080982,10.819373695366393,-11.367351766949044,0.5382164788857277,14516.234003079764,0.43619802286967047,True
7,4,2,7_4,0.85,9.198983205722995e-06,131642,22391,0.17009009282751705,3.3304055198585925,3.3304055198585925,246599.92053465068,11.013350030577048,0.296145772855165,237009.6269842816,10.585039836732689,-11.167307735285378,0.555180058975565,9590.293550369068,0.42831019384436014,True
7,4,2,7_4,0.9,1.0732147073343492e-05,131642,15760,0.11971863083210525,3.1953577874244585,3.1953577874244585,169784.1401289851,10.773105338133572,0.26104060913705585,163355.3183780134,10.365185176269886,-10.986760303785132,0.5725725438392409,6428.821750971692,0.40792016186368607,True
7,4,2,7_4,0.95,1.533163867620499e-05,131642,7304,0.05548381215721426,2.9298386820678552,2.9298386820678552,74682.30707132659,10.224850365734747,0.1715498357064622,72068.97552867615,9.867055795273295,-10.567413950732128,0.6067175393890463,2613.3315426504414,0.35779457046145147,True
7,5,1,7_5,0.7,1.1801582356162314e-05,78688,24681,0.31365646604310693,3.5244375180398695,3.5244375180398695,268459.36768247583,10.877167362848986,0.3109274340585876,258487.44045873324,10.473134818635113,-10.951149090070224,0.49519096667363,9971.92722374259,0.40403254421387264,True
7,5,1,7_5,0.75,1.1801582356162314e-05,78688,24681,0.31365646604310693,3.5244375180398695,3.5244375180398695,268459.36768247583,10.877167362848986,0.3109274340585876,258487.44045873324,10.473134818635113,-10.951149090070224,0.49519096667363,9971.92722374259,0.40403254421387264,True
7,5,1,7_5,0.8,1.4161898827394777e-05,78688,17007,0.2161320658804392,3.5474496819399386,3.5474496819399386,182102.4296004637,10.707498653522885,0.2911154230610925,174931.94848129575,10.285879254500838,-10.772405919540434,0.5030976598457423,7170.481119167962,0.4216193990220475,True
7,5,1,7_5,0.85,1.652221529862724e-05,78688,12056,0.15321268808458724,3.5024658867832406,3.5024658867832406,126931.30007887015,10.528475454451737,0.2707365627073656,121760.10541644537,10.099544244894274,-10.611198853992457,0.517476353743915,5171.194662424779,0.42893120955746344,True
7,5,1,7_5,0.9,1.8882531769859703e-05,78688,8792,0.11173241154941033,3.4129715866923487,3.4129715866923487,90941.85926896162,10.343705558344134,0.2429481346678799,87193.65116236132,9.917385255045646,-10.46284654686698,0.5347018352778657,3748.208106600301,0.4263203032984874,True
7,5,1,7_5,0.95,2.5963481183557092e-05,78688,4172,0.0530195201301342,3.1745106385632047,3.1745106385632047,41201.62749378063,9.87574963896947,0.1919942473633749,39466.28684173997,9.459800297636619,-10.098945993507764,0.5847446264325967,1735.340652040657,0.4159493413328516,True
7,5,2,7_5,0.7,8.86700905144284e-06,94152,35675,0.3789085733707197,3.3355557089976444,3.3355557089976444,394325.02356691775,11.053259245043245,0.28033637000700773,381616.7439643587,10.697035570129186,-11.205009391232338,0.5001690918146214,12708.27960255905,0.3562236749140589,True
7,5,2,7_5,0.75,1.0640410861731408e-05,94152,25674,0.2726867193474382,3.4234898542644885,3.4234898542644885,280448.19202854217,10.92343195561822,0.2652878398379684,270697.8496503539,10.543656993470199,-11.038223365721668,0.4983875558130015,9750.342378188274,0.3797749621480203,True
7,5,2,7_5,0.8,1.2413812672019976e-05,94152,18863,0.20034624861925399,3.4541802804089694,3.4541802804089694,203475.66312534793,10.78702555931442,0.25133859937443676,195985.42910429987,10.389939516741762,-10.8892327518247,0.5043833766216821,7490.234021048062,0.3970860425726587,True
7,5,2,7_5,0.85,1.2413812672019976e-05,94152,18863,0.20034624861925399,3.4541802804089694,3.4541802804089694,203475.66312534793,10.78702555931442,0.25133859937443676,195985.42910429987,10.389939516741762,-10.8892327518247,0.5043833766216821,7490.234021048062,0.3970860425726587,True
7,5,2,7_5,0.9,1.596061629259711e-05,94152,10802,0.11472937377857083,3.3855760815436278,3.3855760815436278,113373.91441272706,10.495641030617206,0.2196815404554712,108947.30195641516,10.085845394965299,-10.626200391819708,0.5283297333088323,4426.612456311894,0.40979563565190646,True
7,5,2,7_5,0.95,2.1280821723462816e-05,94152,5499,0.058405556971705325,3.1815221162563887,3.1815221162563887,55426.244440552924,10.079331594935974,0.1745771958537916,53228.0980776244,9.679595940648191,-10.299308743309853,0.5696099733743912,2198.146362928521,0.3997356542877834,True
7,6,1,7_6,0.7,1.1755531957413627e-05,56239,25897,0.46048116076032647,3.4631600295091984,3.4631600295091984,280895.67328600725,10.846649159594055,0.4783565663976522,267268.49250085873,10.320442232724204,-10.945204069156183,0.6028982053683164,13627.180785148521,0.5262069268698506,True
7,6,1,7_6,0.75,1.1755531957413627e-05,56239,25897,0.46048116076032647,3.4631600295091984,3.4631600295091984,280895.67328600725,10.846649159594055,0.4783565663976522,267268.49250085873,10.320442232724204,-10.945204069156183,0.6028982053683164,13627.180785148521,0.5262069268698506,True
7,6,1,7_6,0.8,1.5674042609884834e-05,56239,13509,0.24020697380821138,3.0383457398623177,3.0383457398623177,138940.7297920981,10.285049211051751,0.36427566807313644,133105.5220701191,9.853099568444675,-10.572910643994677,0.638017222025246,5835.207721979008,0.43194964260707736,True
7,6,1,7_6,0.85,1.9592553262356042e-05,56239,8588,0.1527054179483988,2.8229380103577557,2.8229380103577557,84954.60422316473,9.892245484765338,0.27317186772240337,81803.2275455751,9.525294311315218,-10.291795993839093,0.6506778778947153,3151.3766775896365,0.3669511734501207,True
7,6,1,7_6,0.9,2.3511063914827253e-05,56239,6242,0.11099059371610448,2.746979045951579,2.746979045951579,60194.79421578441,9.643510768308941,0.22652995834668377,58073.65689361137,9.303693831081603,-10.08562273153257,0.6533755793584565,2121.137322173039,0.33981693722733725,True
7,6,1,7_6,0.95,3.5266595872240877e-05,56239,3272,0.058180266363199916,2.7017198801779045,2.7017198801779045,30091.186813941575,9.196572987145958,0.14517114914425427,29030.183176509367,8.872305371793816,-9.664933553279191,0.656210622669749,1061.003637432208,0.3242676153521418,True
7,6,2,7_6,0.7,9.558219112614938e-06,68635,32663,0.4758942230640344,3.4823328145961945,3.4823328145961945,361398.49077023077,11.064461034510938,0.4755533784404372,344213.4318912053,10.538328747855534,-11.155262265422154,0.5981757471270391,17185.058879025455,0.5261322866554038,True
7,6,2,7_6,0.75,9.558219112614938e-06,68635,32663,0.4758942230640344,3.4823328145961945,3.4823328145961945,361398.49077023077,11.064461034510938,0.4755533784404372,344213.4318912053,10.538328747855534,-11.155262265422154,0.5981757471270391,17185.058879025455,0.5261322866554038,True
7,6,2,7_6,0.8,1.274429215015325e-05,68635,17130,0.2495811175056458,3.081360578846285,3.081360578846285,180258.8857119924,10.522993911966864,0.36824284880326913,172687.13520752417,10.080976953153776,-10.78997210765446,0.6337820750688409,7571.750504468218,0.4420169588130892,True
7,6,2,7_6,0.85,1.5930365187691564e-05,68635,10822,0.15767465578786333,2.860942174186003,2.860942174186003,109637.72749779077,10.131004204194305,0.2883940121973757,105513.85105845926,9.749940034971287,-10.509921299458643,0.6502577880749806,4123.876439331507,0.38106416922301856,True
7,6,2,7_6,0.9,1.9116438225229875e-05,68635,7701,0.11220222918336126,2.745753568439074,2.745753568439074,75849.6882174951,9.84932972568434,0.22555512271133618,73218.39118280986,9.507647212415254,-10.292143418870204,0.6555505788171466,2631.297034685238,0.3416825132690869,True
7,6,2,7_6,0.95,2.8674657337844814e-05,68635,4010,0.058425001821228235,2.688666867512935,2.688666867512935,37658.92499179923,9.391253115161902,0.15187032418952617,36361.06957371268,9.067598397434583,-9.867313733312752,0.6606831479907642,1297.8554180865467,0.32365471772731835,True
8,1,1,8_1,0.7,8.984564518157805e-06,90571,35246,0.3891532609775756,3.458911032345715,3.458911032345715,391690.1019932905,11.113036996915692,0.36937524825512114,375474.80645381036,10.652976407359995,-11.21331841475677,0.5503037674562881,16215.29553948011,0.4600605895556974,True
8,1,1,8_1,0.75,8.984564518157805e-06,90571,35246,0.3891532609775756,3.458911032345715,3.458911032345715,391690.1019932905,11.113036996915692,0.36937524825512114,375474.80645381036,10.652976407359995,-11.21331841475677,0.5503037674562881,16215.29553948011,0.4600605895556974,True
8,1,1,8_1,0.8,1.1230705647697256e-05,90571,22227,0.24540967859469368,3.3710884573896682,3.3710884573896682,240906.4689803169,10.838460835034727,0.3315337202501462,230658.8198816981,10.377415750290101,-10.975111720596077,0.5714864989751693,10247.6490986188,0.4610450847446259,True
8,1,1,8_1,0.85,1.3476846777236708e-05,90571,14858,0.1640480948648022,3.229176343692408,3.229176343692408,157013.00527475093,10.567573379644026,0.2900121146856912,150349.86639320696,10.1191187503841,-10.765941215003776,0.5971674743204748,6663.138881543971,0.4484546292599254,True
8,1,1,8_1,0.9,1.572298790677616e-05,90571,10549,0.11647215996290203,3.09342665194574,3.09342665194574,108881.53806646168,10.321503276752459,0.25661200113754856,104319.47905747728,9.889039630057567,-10.5827010069791,0.621691047425486,4562.0590089844045,0.43246364669489096,True
8,1,1,8_1,0.95,2.2461411295394512e-05,90571,4914,0.05425577723553897,2.783342578504935,2.783342578504935,47771.23711609088,9.721456474580968,0.16442816442816444,45914.488748174816,9.34360780386138,-10.142967018146226,0.6755204202441032,1856.748367916065,0.37784867071958994,True
8,1,2,8_1,0.7,1.1991090619669586e-05,72817,24940,0.3425024376175893,3.5267908656208546,3.5267908656208546,270911.69240381545,10.862537786841036,0.3880112269446672,258831.62204556022,10.378172495812358,-10.935587721804039,0.5541876400824727,12080.070358255238,0.4843652910286783,True
8,1,2,8_1,0.75,1.1991090619669586e-05,72817,24940,0.3425024376175893,3.5267908656208546,3.5267908656208546,270911.69240381545,10.862537786841036,0.3880112269446672,258831.62204556022,10.378172495812358,-10.935587721804039,0.5541876400824727,12080.070358255238,0.4843652910286783,True
8,1,2,8_1,0.8,1.4988863274586982e-05,72817,15263,0.20960764656604913,3.3610900026370047,3.3610900026370047,160929.91653855384,10.543793260732086,0.34043110790801284,153727.8457435424,10.071928568665557,-10.684669882797463,0.5827393108618732,7202.070795011445,0.4718646920665298,True
8,1,2,8_1,0.85,1.4988863274586982e-05,72817,15263,0.20960764656604913,3.3610900026370047,3.3610900026370047,160929.91653855384,10.543793260732086,0.34043110790801284,153727.8457435424,10.071928568665557,-10.684669882797463,0.5827393108618732,7202.070795011445,0.4718646920665298,True
8,1,2,8_1,0.9,1.798663592950438e-05,72817,10067,0.13825068321957784,3.1747883974157847,3.1747883974157847,103116.26132690371,10.24299804578362,0.2873745902453561,98603.5313491244,9.794728454268839,-10.46606667452028,0.6119555350960919,4512.729977779309,0.44826959151478185,True
8,1,2,8_1,0.95,2.6979953894256566e-05,72817,4211,0.05782990235796586,2.820183513839666,2.820183513839666,40299.09562627283,9.56995859089832,0.19092852054143908,38647.08483890102,9.177650163595588,-9.97102126311276,0.675567494346807,1652.010787371808,0.39230842730273285,True
8,2,1,8_2,0.7,7.616320251033915e-06,118694,41277,0.3477597856673463,2.959130909192586,2.959130909192586,451871.19684310956,10.947287759360165,0.1424037599631756,441698.8297948757,10.700846229010725,-11.274786798131904,0.5106231117462527,10172.367048233864,0.2464415303494407,True
8,2,1,8_2,0.75,9.308835862374786e-06,118694,30503,0.2569885588151044,3.1135476148228194,3.1135476148228194,331255.75464193465,10.85977623977755,0.1359866242664656,322567.8468365933,10.574954818758592,-11.111408370110086,0.4995947095885678,8687.907805341354,0.2848214210189606,True
8,2,1,8_2,0.8,1.015509366804522e-05,118694,26355,0.2220415522267343,3.1711107041891045,3.1711107041891045,284955.0112957929,10.812180280622002,0.13363688104723961,277003.22666485334,10.510462024847405,-11.036941398769295,0.49809630832004753,7951.784630939539,0.3017182557745983,True
8,2,1,8_2,0.85,1.184760927938609e-05,118694,19846,0.1672030599693329,3.2448737954520177,3.2448737954520177,212482.6759945405,10.70657442278245,0.1270281164970271,205953.14831996255,10.377564663910237,-10.897925119002691,0.5006992493959089,6529.527674577956,0.32900975887221384,True
8,2,1,8_2,0.9,1.523264050206783e-05,118694,11882,0.10010615532377373,3.2952725523777584,3.2952725523777584,124609.4275045197,10.487243519989875,0.11168153509510184,120204.48382509721,10.116519426451541,-10.65639192432269,0.5195368804976962,4404.943679422489,0.3707240935383344,True
8,2,1,8_2,0.95,2.031018733609044e-05,118694,6118,0.05154430721013699,3.1825598170070792,3.1825598170070792,61955.204335118615,10.12670878311844,0.09251389342922524,59541.334423126056,9.73215665628082,-10.346210367199017,0.5651656692382071,2413.8699119925586,0.3945521268376199,True
8,2,2,8_2,0.7,8.273171861701523e-06,111790,38511,0.34449414079971374,3.0539886704761754,3.0539886704761754,421133.9048250726,10.935418577161657,0.16860117888395523,410727.9762886995,10.665211920975812,-11.21563498150489,0.5035944011887074,10405.928536373132,0.27020665618584644,True
8,2,2,8_2,0.75,9.307318344414212e-06,111790,32018,0.2864120225422668,3.137640621933159,3.137640621933159,348247.1957190068,10.876606774908078,0.16056593166343933,338979.02480634087,10.58713925936476,-11.116904067204336,0.4972132470920652,9268.170912665955,0.289467515543318,True
8,2,2,8_2,0.8,1.1375611309839594e-05,111790,22654,0.20264782180874855,3.2682887774048965,3.2682887774048965,243806.9599824599,10.762203583581703,0.15463052882493158,236368.94080386986,10.433872199340948,-10.943177878923478,0.4950526849300624,7438.019178590039,0.3283313842407539,True
8,2,2,8_2,0.85,1.2409757792552284e-05,111790,19151,0.17131228195724127,3.3015512556115927,3.3015512556115927,204841.4183899237,10.696121267292762,0.14563208187562007,198280.6966662623,10.353542721855897,-10.862537912741326,0.49784707523982596,6560.721723661409,0.3425785454368654,True
8,2,2,8_2,0.9,1.5512197240690354e-05,111790,12064,0.10791662939440022,3.3448498588619864,3.3448498588619864,126667.64201431407,10.499638761133461,0.13627320954907163,122073.31518679507,10.118809282725055,-10.647417387356624,0.5158886890693608,4594.326827519006,0.38082947840840564,True
8,2,2,8_2,0.95,2.0682929654253806e-05,111790,6168,0.05517488147419268,3.224745683372682,3.224745683372682,62521.036918586295,10.136354883039283,0.10927367055771725,60024.50403518205,9.731599227493847,-10.33671227356156,0.5625216173448656,2496.532883404245,0.4047556555454353,True
8,3,1,8_3,0.7,2.1804900651421407e-05,49773,15173,0.30484399172241977,3.0586095079653832,3.0586095079653832,151269.3748661825,9.969641789111087,0.08508534897515323,148473.56051118052,9.785379325853853,-10.24761103035536,0.44557437421622076,2795.8143550019886,0.1842624632572325,True
8,3,1,8_3,0.75,2.4530513232849083e-05,49773,12702,0.2551986016514978,3.1889086127930657,3.1889086127930657,126285.15336972056,9.942147171289605,0.08778145173988348,123621.26342844828,9.732425084903817,-10.158744102001789,0.4341507859617866,2663.889941272282,0.20972208638578824,True
8,3,1,8_3,0.8,2.725612581427676e-05,49773,10611,0.21318787294316197,3.290732965777006,3.290732965777006,105076.09177528063,9.90256260251443,0.07991706719442089,102648.00420535618,9.673735199826234,-10.073690763768818,0.42607735657989365,2428.08756992445,0.22882740268819618,True
8,3,1,8_3,0.85,3.2707350977132113e-05,49773,7604,0.1527735921081711,3.4960382304073847,3.4960382304073847,74838.42035017948,9.841980582611715,0.0775907417148869,72708.57372102408,9.561885023806427,-9.927275815552212,0.42025555442170576,2129.846629155407,0.2800955588052876,True
8,3,1,8_3,0.9,3.95213824307013e-05,49773,5099,0.10244510075743878,3.6859087119013028,3.6859087119013028,49737.55477653022,9.754374343308534,0.07844675426554226,47978.19841887298,9.409334853671892,-9.766355232418968,0.42813822976286625,1759.3563576572415,0.34503948963664277,True
8,3,1,8_3,0.95,5.178663904712584e-05,49773,2532,0.050870954131758184,3.6956208363852316,3.6956208363852316,24026.23627740713,9.489034864694759,0.06595576619273302,22985.866156048447,9.078146191172372,-9.497406320858321,0.46838690476457023,1040.3701213586828,0.41088867352238656,True
8,3,2,8_3,0.7,2.2014834329198824e-05,46846,15429,0.32935576143107204,3.082372803234847,3.082372803234847,153936.37735260866,9.97708065024361,0.10661740877568215,150975.39304671364,9.785170331629635,-10.243572635928972,0.4451873324886729,2960.984305895021,0.19191031861397503,True
8,3,2,8_3,0.75,2.5683973384065297e-05,46846,12255,0.26160184434103234,3.2703550140280986,3.2703550140280986,121926.46349532861,9.949119828260189,0.10844553243574051,119105.89305371234,9.718963121477955,-10.129183615150145,0.4306984652090115,2820.570441616277,0.23015670678223396,True
8,3,2,8_3,0.8,2.9353112438931767e-05,46846,9729,0.20768048499338257,3.4224856627935942,3.4224856627935942,96395.97278302853,9.908106977390124,0.10782197553705417,93831.46840170067,9.644513146438552,-10.02331283097631,0.4230556148369678,2564.5043813278608,0.26359383095157374,True
8,3,2,8_3,0.85,3.3022251493798236e-05,46846,7784,0.16616146522648678,3.556338604852738,3.556338604852738,76794.7680103129,9.865720453534545,0.10187564234326824,74473.62804662419,9.567526727469705,-9.927144451281208,0.42096065165855445,2321.139963688707,0.29819372606483907,True
8,3,2,8_3,0.9,4.036052960353118e-05,46846,4983,0.10636980745421168,3.7094303980269765,3.7094303980269765,48560.9066515383,9.745315402676761,0.10274934778246037,46781.988942279335,9.388318069893504,-9.74857697510706,0.4316765355561823,1778.917709258967,0.35699733278325646,True
8,3,2,8_3,0.95,5.320251629556383e-05,46846,2442,0.05212825001067327,3.7241760761925065,3.7241760761925065,23141.58228337468,9.476487421529352,0.08517608517608517,22094.42935295419,9.047677867712608,-9.474321396493893,0.4753889387806533,1047.1529304204887,0.42880955381674396,True
8,4,1,8_4,0.7,9.325448839033428e-06,97377,31421,0.32267373199010035,3.0046214986137767,3.0046214986137767,338698.62988864223,10.779371435939092,0.15171382196620095,329614.04875058436,10.490246928824174,-11.083916171747763,0.5299499749068209,9084.581138057867,0.2891245071149189,True
8,4,1,8_4,0.75,1.0361609821148253e-05,97377,26654,0.2737196668617846,3.071661505427097,3.071661505427097,285812.16270179383,10.72304954985345,0.1451189314924589,277560.85748750775,10.413478558096637,-10.994698604908523,0.5278351471717684,8251.305214286083,0.30957099175681263,True
8,4,1,8_4,0.8,1.2433931785377903e-05,97377,19541,0.2006736703739076,3.172676851657916,3.172676851657916,207345.24496026424,10.610779640768857,0.14042270098766696,200520.88787130898,10.261546894801135,-10.834819661248952,0.5323731432856972,6824.357088955265,0.34923274596772247,True
8,4,1,8_4,0.85,1.3470092767492728e-05,97377,16797,0.17249453156289474,3.195830640499955,3.195830640499955,177144.36269072175,10.54619055133189,0.1365720069059951,171027.78146241023,10.182043309067705,-10.759630152471058,0.5380163559239927,6116.581228311523,0.36414724226418543,True
8,4,1,8_4,0.9,1.6578575713837205e-05,97377,10983,0.11278844080224283,3.197530331970745,3.197530331970745,113560.67445977664,10.339677179256727,0.12564872985523082,109206.0731248489,9.943191580155595,-10.552343025830197,0.562826543535827,4354.601334927735,0.3964855991011322,True
8,4,1,8_4,0.95,2.2795541606526156e-05,97377,5405,0.05550592028918533,3.046921592129199,3.046921592129199,53600.00180059874,9.916744088917435,0.09972247918593895,51325.48611142591,9.49592712514818,-10.200407086768081,0.625463908114228,2274.5156891728257,0.4208169637692554,True
8,4,2,8_4,0.7,1.0539462382023893e-05,89653,27817,0.3102740566406032,3.1081162681852352,3.1081162681852352,298527.0833993744,10.731821670179185,0.17683430995434446,289696.57108490897,10.41437146654596,-10.98602688533549,0.5245213154335717,8830.51231446542,0.317450203633225,True
8,4,2,8_4,0.75,1.185689517977688e-05,89653,22898,0.255406957937827,3.181136527786511,3.181136527786511,244183.5964882857,10.663970499095367,0.17232946108830466,236352.93146771193,10.321990194240193,-10.884124415125092,0.5248836147023528,7830.665020573768,0.3419803048551737,True
8,4,2,8_4,0.8,1.3174327977529866e-05,89653,18952,0.21139281451819794,3.229278815924586,3.229278815924586,200708.1813214423,10.590343041443768,0.16615660616293795,193827.14646883102,10.22726606526124,-10.788664909207776,0.5291380541812379,6881.034852611279,0.36307697618252843,True
8,4,2,8_4,0.85,1.4491760775282853e-05,89653,15803,0.17626850189062274,3.2591149530296226,3.2591149530296226,166156.7273731049,10.514252190919755,0.1585142061633867,160119.52714365727,10.132223447678117,-10.69927906803993,0.5363705159329109,6037.200229447626,0.3820287432416393,True
8,4,2,8_4,0.9,1.8444059168541813e-05,89653,9501,0.10597526016976565,3.2412868029769863,3.2412868029769863,97495.89998894397,10.261646141347645,0.1472476581412483,93506.76894097944,9.84178180622876,-10.454595974808175,0.5704215462008796,3989.1310479645326,0.41986433511888566,True
8,4,2,8_4,0.95,2.5031223157306746e-05,89653,4596,0.05126431909696273,2.9803762597703587,2.9803762597703587,44920.01203893962,9.773718894460318,0.10726718885987815,43026.39154173572,9.361703990804116,-10.090432037620275,0.6384897347150102,1893.6204972038977,0.4120149036562005,True
8,5,1,8_5,0.7,9.053132836618112e-06,92992,35602,0.38285013764624914,3.493402646531321,3.493402646531321,396071.88056431245,11.124989623176013,0.37736644008763554,379497.8866222993,10.659454149269685,-11.211341320833178,0.5468992158397031,16573.993942013127,0.46553547390632904,True
8,5,1,8_5,0.75,9.053132836618112e-06,92992,35602,0.38285013764624914,3.493402646531321,3.493402646531321,396071.88056431245,11.124989623176013,0.37736644008763554,379497.8866222993,10.659454149269685,-11.211341320833178,0.5468992158397031,16573.993942013127,0.46553547390632904,True
8,5,1,8_5,0.8,1.131641604577264e-05,92992,22167,0.23837534411562286,3.3753605524686825,3.3753605524686825,240144.3470126025,10.833416655957166,0.33202508232958905,229963.4828444018,10.37413645709396,-10.96826741842701,0.56903974038666,10180.8641682007,0.4592801988632066,True
8,5,1,8_5,0.85,1.3579699254927168e-05,92992,14807,0.15922875086028906,3.232517882241408,3.232517882241408,156393.60523792106,10.56213988234761,0.29472546768420343,149792.78241590856,10.116349187270112,-10.759009838648616,0.5940338451231529,6600.822822012502,0.44579069507749725,True
8,5,1,8_5,0.9,1.5842982464081696e-05,92992,10443,0.11229998279421886,3.079191190321716,3.079191190321716,107602.65251925832,10.303806618716683,0.2531839509719429,103185.23711874135,9.880804090657987,-10.571827651432402,0.6176251509447414,4417.415400516969,0.4230025280586967,True
8,5,1,8_5,0.95,2.263283209154528e-05,92992,4898,0.05267119752236751,2.782859901551804,2.782859901551804,47576.38578113254,9.71343115172163,0.16823193140057166,45778.06197291278,9.346276433832744,-10.135212390492097,0.6655382640888363,1798.323808219764,0.3671547178888861,True
8,5,2,8_5,0.7,1.1638835301751354e-05,77876,26134,0.3355847757974215,3.593683114709442,3.593683114709442,285610.38412739756,10.92868998727319,0.4016989362516262,272587.4723548722,10.430376993758024,-10.975611069708785,0.5505895390154291,13022.911772525345,0.4983129935151659,True
8,5,2,8_5,0.75,1.1638835301751354e-05,77876,26134,0.3355847757974215,3.593683114709442,3.593683114709442,285610.38412739756,10.92868998727319,0.4016989362516262,272587.4723548722,10.430376993758024,-10.975611069708785,0.5505895390154291,13022.911772525345,0.4983129935151659,True
8,5,2,8_5,0.8,1.4548544127189192e-05,77876,15636,0.20078072833735683,3.373785862218569,3.373785862218569,165448.23314199783,10.581237729726134,0.3479150677922742,158005.9392811386,10.105266006724136,-10.716751638862904,0.582986375564999,7442.293860859238,0.4759717230019978,True
8,5,2,8_5,0.85,1.4548544127189192e-05,77876,15636,0.20078072833735683,3.373785862218569,3.373785862218569,165448.23314199783,10.581237729726134,0.3479150677922742,158005.9392811386,10.105266006724136,-10.716751638862904,0.582986375564999,7442.293860859238,0.4759717230019978,True
8,5,2,8_5,0.9,1.745825295262703e-05,77876,10196,0.13092608762648314,3.156516340950889,3.156516340950889,104615.86783421898,10.260481348981854,0.3008042369556689,100091.58666210665,9.816750359170916,-10.491987234371345,0.6131951931701657,4524.281172112329,0.4437309898109385,True
8,5,2,8_5,0.95,2.6187379428940546e-05,77876,4299,0.05520314345883199,2.7861561480625356,2.7861561480625356,41143.310407320154,9.57043740575021,0.18446150267504072,39570.47079082985,9.204575666627088,-9.9903714981912,0.6631070051326481,1572.8396164903024,0.3658617391231222,True
8,6,1,8_6,0.7,5.780605778582566e-06,122012,52494,0.43023637019309574,3.260537908440043,3.260537908440043,600228.5896460868,11.434232286472488,0.34975425762944334,576797.8102714472,10.987880715347414,-11.618629488924705,0.5871156154759068,23430.77937463962,0.44635157112507373,True
8,6,1,8_6,0.75,7.225757223228208e-06,122012,34134,0.2797593679310232,3.1873583840110427,3.1873583840110427,381050.8357208327,11.163380667980098,0.3099841799964844,365812.51223801885,10.716954128962877,-11.380686069563914,0.6068266217018531,15238.323482813837,0.44642653901722146,True
8,6,1,8_6,0.8,7.225757223228208e-06,122012,34134,0.2797593679310232,3.1873583840110427,3.1873583840110427,381050.8357208327,11.163380667980098,0.3099841799964844,365812.51223801885,10.716954128962877,-11.380686069563914,0.6068266217018531,15238.323482813837,0.44642653901722146,True
8,6,1,8_6,0.85,8.67090866787385e-06,122012,23553,0.19303838966659018,3.0823267614576157,3.0823267614576157,256934.75075435778,10.908790844238856,0.2780537511145077,246601.22037462148,10.470055635147178,-11.175304940415746,0.6305490177915306,10333.530379736301,0.4387352090916784,True
8,6,1,8_6,0.9,1.1561211557165132e-05,122012,12850,0.10531750975313904,2.8425981376986056,2.8425981376986056,134106.70643118382,10.436319566629091,0.21642023346303502,128974.99532703075,10.036964616889552,-10.82514295962908,0.67396963332822,5131.711104153073,0.3993549497395388,True
8,6,1,8_6,0.95,1.589666589110206e-05,122012,6946,0.05692882667278628,2.6312777342379308,2.6312777342379308,68944.24810414504,9.925748359364388,0.14036855744313273,66509.52556035301,9.57522682988094,-10.436384765588366,0.7104035508442266,2434.722543792028,0.3505215294834477,True
8,6,2,8_6,0.7,8.676149698286895e-06,90845,32388,0.356519346139028,3.3933110753989393,3.3933110753989393,359823.5326601523,11.10977932135829,0.3852970235889836,343830.5783118387,10.615986733106048,-11.237101526982098,0.5929034329764821,15992.954348313622,0.49379258825224226,True
8,6,2,8_6,0.75,8.676149698286895e-06,90845,32388,0.356519346139028,3.3933110753989393,3.3933110753989393,359823.5326601523,11.10977932135829,0.3852970235889836,343830.5783118387,10.615986733106048,-11.237101526982098,0.5929034329764821,15992.954348313622,0.49379258825224226,True
8,6,2,8_6,0.8,1.0845187122858617e-05,90845,19909,0.21915350321976992,3.1901725372959597,3.1901725372959597,214204.60324519523,10.759184451514152,0.3314581345120297,204824.32901916045,10.288026973688304,-10.975204126635647,0.6275826282782185,9380.274226034788,0.471157477825847,True
8,6,2,8_6,0.85,1.0845187122858617e-05,90845,19909,0.21915350321976992,3.1901725372959597,3.1901725372959597,214204.60324519523,10.759184451514152,0.3314581345120297,204824.32901916045,10.288026973688304,-10.975204126635647,0.6275826282782185,9380.274226034788,0.471157477825847,True
8,6,2,8_6,0.9,1.5183261972002065e-05,90845,9614,0.10582860916946447,2.855466292284267,2.855466292284267,97817.68987391796,10.174504875589554,0.23996255460786353,93828.4552072688,9.759564718875472,-10.556368840614779,0.6842463289448445,3989.234666649165,0.41494015671407997,True
8,6,2,8_6,0.95,2.1690374245717235e-05,90845,4812,0.0529693433870879,2.5964524132119973,2.5964524132119973,46099.1382809545,9.580037049242415,0.15045719035743974,44400.56968308622,9.227051056335458,-10.112253123459148,0.7284731654300205,1698.5685978682814,0.35298599290695787,True
9,2,1,9_2,0.7,1.3989751108338032e-05,65773,20664,0.31417146853572137,2.9230728333786518,2.9230728333786518,213068.7521405653,10.311108795033164,0.1328397212543554,206894.417476765,10.012312111728852,-10.657184454271862,0.5600278146489509,6174.334663800313,0.29879668330431247,True
9,2,1,9_2,0.75,1.5388726219171833e-05,65773,17919,0.2724370182293646,2.9827518098583297,2.9827518098583297,183884.98415030842,10.262011504565457,0.1329873318823595,178138.11853019072,9.941297981482824,-10.577525821782503,0.5602749745139662,5746.865620117693,0.32071352308263257,True
9,2,1,9_2,0.8,1.818667644083944e-05,65773,13420,0.2040350903866328,3.0298095072586504,3.0298095072586504,135946.02490529604,10.130106177741881,0.12690014903129657,131293.80003437996,9.783442625512665,-10.422164227880156,0.5677825035701052,4652.224870916078,0.3466635522292159,True
9,2,1,9_2,0.85,2.0984626662507047e-05,65773,10269,0.15612789442476396,3.0396663593465165,3.0396663593465165,102630.75233055017,9.994230434370452,0.11851202648748661,98880.0875336247,9.628988950591557,-10.281444189229921,0.5801234889814217,3750.66479692547,0.3652414837788947,True
9,2,1,9_2,0.9,2.5181551995008457e-05,65773,7067,0.10744530430419777,2.9846430175223464,2.9846430175223464,69051.43792165458,9.77096899980962,0.10909862742323476,66406.14349564302,9.396652539358005,-10.085529941882742,0.6039449780014249,2645.294426011562,0.3743164604516148,True
9,2,1,9_2,0.95,3.497437777084508e-05,65773,3559,0.05411034923144756,2.805955242051515,2.805955242051515,33092.51061820878,9.2982609211039,0.08550064351075859,31799.23146528381,8.934878186368028,-9.707171249333419,0.6535591038688037,1293.2791529249662,0.36338273473587135,True
9,2,2,9_2,0.7,1.1825596108590508e-05,74935,24384,0.32540201507973576,2.8069412299843988,2.8069412299843988,253190.24648534326,10.383458271216504,0.08620406824146981,246814.33136715431,10.12197881262936,-10.79182278366359,0.5654622334702175,6375.9151181889465,0.2614794585871451,True
9,2,2,9_2,0.75,1.3402342256402576e-05,74935,20381,0.27198238473343567,2.8834690009546478,2.8834690009546478,210378.0046183961,10.322261155899913,0.0865511996467298,204485.85443472405,10.033161004598599,-10.689145866099011,0.5640260137748063,5892.150183672056,0.2891001513013128,True
9,2,2,9_2,0.8,1.5767461478120677e-05,74935,15624,0.2085007006071929,2.9440288493570996,2.9440288493570996,159488.6831525113,10.207929029218594,0.08237327188940093,154536.8725959147,9.8909928696822,-10.543166483086196,0.5683916658837938,4951.810556596611,0.3169361595363934,True
9,2,2,9_2,0.85,1.8920953773744813e-05,74935,11280,0.15053045973176754,2.97804422970468,2.97804422970468,113384.2962181191,10.051799310116941,0.07535460992907801,109488.80597637214,9.706454430529446,-10.369690716345048,0.5815594614699889,3895.4902417469566,0.34534487958749616,True
9,2,2,9_2,0.9,2.2862819143274982e-05,74935,7755,0.10348969106559018,2.9467054931812573,2.9467054931812573,76297.1693089928,9.838448653641883,0.07066408768536428,73491.01615009493,9.476597827220495,-10.172310200541403,0.6049253360095357,2806.1531588978687,0.3618508264213886,True
9,2,2,9_2,0.95,3.1534922956241354e-05,74935,3917,0.052271969039834526,2.75981364643224,2.75981364643224,36668.528971681604,9.361380896523258,0.06379973140658235,35307.392888295646,9.0138863641296,-9.796172975788123,0.6557490014411042,1361.136083385958,0.3474945323936579,True
9,3,1,9_3,0.7,1.9339741234262285e-05,38955,21306,0.5469387755102041,3.9200972048785787,3.9200972048785787,225470.97935690498,10.582510999573124,0.4847930160518164,213969.20277552126,10.042673555595666,-10.510894094505035,0.5183466842120397,11501.776581383718,0.5398374439774579,True
9,3,1,9_3,0.75,2.5786321645683046e-05,38955,10977,0.28178667693492493,3.6524446833574706,3.6524446833574706,111571.73648407718,10.164137422253546,0.4204245240047372,105873.36298626635,9.645018036464093,-10.188655685495643,0.5543640496163473,5698.373497810826,0.519119385789453,True
9,3,1,9_3,0.8,2.5786321645683046e-05,38955,10977,0.28178667693492493,3.6524446833574706,3.6524446833574706,111571.73648407718,10.164137422253546,0.4204245240047372,105873.36298626635,9.645018036464093,-10.188655685495643,0.5543640496163473,5698.373497810826,0.519119385789453,True
9,3,1,9_3,0.85,3.223290205710381e-05,38955,6362,0.16331664741368246,3.339996857867105,3.339996857867105,62126.97480702674,9.765321409466637,0.3575919522162842,59082.43279720072,9.286770323357548,-9.915171822889763,0.5935963543503031,3044.5420098260147,0.4785510861090875,True
9,3,1,9_3,0.9,3.867948246852457e-05,38955,4087,0.10491592863560519,3.0707732569088404,3.0707732569088404,38439.10130074466,9.405211964948535,0.2970393931979447,36689.39274124277,8.977096339917487,-9.67728987336296,0.6247046114300323,1749.708559501887,0.4281156250310465,True
9,3,1,9_3,0.95,5.157264329136609e-05,38955,2220,0.05698883326915672,2.7985257840815363,2.7985257840815363,19765.71579181416,8.90347558189827,0.20135135135135135,18962.26010149688,8.541558604277872,-9.316508261410723,0.6549754747387143,803.4556903172816,0.3619169776203971,True
9,3,2,9_3,0.7,1.1887108134050918e-05,72546,28468,0.39241308962589255,3.502077968479056,3.502077968479056,309091.5909231466,10.857509868032407,0.36627090066039064,296175.72617446975,10.403812216329554,-10.940388294011575,0.5359764959141721,12915.864748676831,0.4536976517028534,True
9,3,2,9_3,0.75,1.1887108134050918e-05,72546,28468,0.39241308962589255,3.502077968479056,3.502077968479056,309091.5909231466,10.857509868032407,0.36627090066039064,296175.72617446975,10.403812216329554,-10.940388294011575,0.5359764959141721,12915.864748676831,0.4536976517028534,True
9,3,2,9_3,0.8,1.4858885167563647e-05,72546,18041,0.2486835938576903,3.4538867087371763,3.4538867087371763,191362.1308766445,10.607068947211602,0.33895016905936476,182988.2146371464,10.142908632400998,-10.709395767947337,0.554639992021722,8373.916239498125,0.464160314810605,True
9,3,2,9_3,0.85,1.7830662201076377e-05,72546,11926,0.16439224767733576,3.30336455852292,3.30336455852292,123252.99626332475,10.334814377270229,0.2993459667952373,117872.82121635503,9.883684489045367,-10.500443471728394,0.5801283014872013,5380.1750469697145,0.4511298882248629,True
9,3,2,9_3,0.9,2.0802439234589108e-05,72546,8356,0.11518209136272159,3.148314873059634,3.148314873059634,84225.49647554292,10.079642948245922,0.2693872666347535,80624.80436369636,9.64873197267788,-10.314959193394722,0.6044888504246576,3600.692111846569,0.4309109755680432,True
9,3,2,9_3,0.95,2.9717770335127295e-05,72546,3809,0.05250461775976622,2.802471068656187,2.802471068656187,36026.017082584,9.458129977050145,0.16382252559726962,34656.33855182338,9.098539919092511,-9.868971437678171,0.6513031211156078,1369.678530760626,0.3595900579576335,True
9,4,1,9_4,0.7,6.249902345275855e-06,131542,51728,0.3932432226969333,3.4104687358053414,3.4104687358053414,592177.4301644806,11.4479088726508,0.3722355397463656,567761.4686445501,10.97590219309755,-11.56808764787538,0.5708974930405731,24415.96151993051,0.47200667955324993,True
9,4,1,9_4,0.75,6.249902345275855e-06,131542,51728,0.3932432226969333,3.4104687358053414,3.4104687358053414,592177.4301644806,11.4479088726508,0.3722355397463656,567761.4686445501,10.97590219309755,-11.56808764787538,0.5708974930405731,24415.96151993051,0.47200667955324993,True
9,4,1,9_4,0.8,7.812377931594818e-06,131542,32473,0.24686411944474007,3.2846451214216112,3.2846451214216112,362018.9774862452,11.148307131655383,0.3293197425553537,346889.9260621209,10.682410804733806,-11.322096427282503,0.5971766665446548,15129.051424124336,0.46589632692157595,True
9,4,1,9_4,0.85,9.374853517913783e-06,131542,21779,0.1655668911830442,3.1262730583170186,3.1262730583170186,236553.56327194063,10.861543839108345,0.2956517746453005,226796.19412777657,10.41352652223594,-11.107173129845666,0.6256719382100373,9757.369144164055,0.44801731687240254,True
9,4,1,9_4,0.9,1.0937329104232746e-05,131542,15340,0.11661674598227183,2.947161741749639,2.947161741749639,162237.89105860394,10.576133706558275,0.24902216427640156,155887.27664032116,10.162143196891861,-10.909760911328009,0.651129900553345,6350.614418282785,0.4139905096664136,True
9,4,1,9_4,0.95,1.5624755863189637e-05,131542,7450,0.05663590336166396,2.6587930239273194,2.6587930239273194,74275.7271772493,9.96989626540259,0.16,71729.99667153932,9.628187472689842,-10.463806021514879,0.6899449807993109,2545.730505709973,0.34170879271274807,True
9,4,2,9_4,0.7,3.6925494690852373e-06,217807,85338,0.391805589352041,3.133881148659779,3.133881148659779,1006860.923912907,11.798506221295401,0.27387564742553144,973479.6562731339,11.40734088299625,-12.04056376412812,0.5752289450623084,33381.26763977308,0.39116533829915257,True
9,4,2,9_4,0.75,4.4310593629022845e-06,217807,61966,0.2844995799033089,3.159531968813242,3.159531968813242,720893.8595129051,11.633700085739036,0.2563179808281961,695434.5747818042,11.222841151305623,-11.86380856862669,0.584479303369767,25459.284731100895,0.4108589344334134,True
9,4,2,9_4,0.8,5.1695692567193324e-06,217807,46083,0.21157722203602272,3.1344154489460707,3.1344154489460707,528221.8553574879,11.46240165261567,0.24475403077056615,508816.93065293337,11.04131524972188,-11.70420883782826,0.5999843653290656,19404.92470455455,0.4210864028937905,True
9,4,2,9_4,0.85,5.90807915053638e-06,217807,34804,0.15979284412346711,3.0541782632318757,3.0541782632318757,392319.49427169864,11.272253024701145,0.2205206298126652,377861.77266795794,10.85684900206752,-11.552377128629665,0.6184284969320868,14457.721603740705,0.4154040226336256,True
9,4,2,9_4,0.9,6.6465890443534276e-06,217807,27129,0.1245552254978031,2.9733494019876296,2.9733494019876296,300979.6095495819,11.094386433321608,0.2050941796601423,289939.11389496335,10.687423565002888,-11.414654130227815,0.6361138133106541,11040.495654618542,0.40696286831871953,True
9,4,2,9_4,0.95,1.0339138513438665e-05,217807,10946,0.05025550143016524,2.6366153511610326,2.6366153511610326,113413.55494100312,10.361187186278379,0.12251050612095743,109749.24694378895,10.026424898939243,-10.868556887301029,0.6924255453688345,3664.3079972141713,0.334762287339135,True
9,5,1,9_5,0.7,1.5706765165536216e-05,62855,20514,0.32637021716649434,3.342412373321166,3.342412373321166,215103.44568629633,10.485690050029069,0.24631958662376913,207785.96949895992,10.128983596517497,-10.634508722931848,0.49905369551763656,7317.476187336404,0.35670645351157276,True
9,5,1,9_5,0.75,1.5706765165536216e-05,62855,20514,0.32637021716649434,3.342412373321166,3.342412373321166,215103.44568629633,10.485690050029069,0.24631958662376913,207785.96949895992,10.128983596517497,-10.634508722931848,0.49905369551763656,7317.476187336404,0.35670645351157276,True
9,5,1,9_5,0.8,1.8324559359792252e-05,62855,15461,0.24597884018773367,3.4255157144438244,3.4255157144438244,160501.09042668715,10.38102906841001,0.24448612638251083,154554.34064560052,9.996400015885165,-10.49498490088068,0.5014182780339073,5946.749781086633,0.3846290525248453,True
9,5,1,9_5,0.85,2.094235355404829e-05,62855,11681,0.185840426378172,3.426195194387695,3.426195194387695,119705.64092417253,10.247893238949793,0.22181320092457837,115072.68291838703,9.851269832924153,-10.361568972312723,0.5098786610085292,4632.9580057855055,0.3966234060256404,True
9,5,1,9_5,0.9,2.617794194256036e-05,62855,7086,0.11273566144300375,3.3641262167858077,3.3641262167858077,70775.0575760876,9.988012641276827,0.20378210556025966,67845.33846484502,9.574560889760798,-10.127604151962881,0.5359090097822977,2929.719111242579,0.41345175151602864,True
9,5,1,9_5,0.95,3.6649118719584505e-05,62855,3180,0.05059263383978999,3.0947543407418654,3.0947543407418654,30134.234959872643,9.476174515683221,0.14056603773584905,28864.731446785943,9.076959574460988,-9.736738228973673,0.5928222762538607,1269.5035130867,0.3992149412222327,True
9,5,2,9_5,0.7,1.2044927579872926e-05,81881,26498,0.3236159792870141,3.140319925467879,3.140319925467879,281424.7218354752,10.620602378876715,0.17835308325156615,273405.66744268895,10.317973712834513,-10.859647063134462,0.5059124976987303,8019.054392786231,0.30262866604220057,True
9,5,2,9_5,0.75,1.3550543527357042e-05,81881,21772,0.26589807159170015,3.218006914290444,3.218006914290444,229799.92603172275,10.554837682882727,0.17582215689876907,222726.26421760672,10.229940483998103,-10.758228676605738,0.503820338072531,7073.661814116029,0.32489719888462376,True
9,5,2,9_5,0.8,1.5056159474841157e-05,81881,17944,0.21914729912922412,3.264104052649068,3.264104052649068,188039.2436929267,10.479226688192528,0.16835711101203746,181910.54331360053,10.137680746411085,-10.662047569257052,0.5053426131587597,6128.700379326183,0.3415459417814413,True
9,5,2,9_5,0.85,1.806739136980939e-05,81881,12504,0.15270941976771168,3.309087232695666,3.309087232695666,129106.08297662181,10.32518257970424,0.15275111964171464,124482.8192386708,9.955439798358189,-10.488330270619063,0.5157092402540083,4623.263737951012,0.36974278134605026,True
9,5,2,9_5,0.9,2.1078623264777622e-05,81881,8988,0.10976905509214592,3.3039821835175975,3.3039821835175975,91388.71689265475,10.167859022324738,0.14285714285714285,87873.60000415189,9.776769025829093,-10.333220012369262,0.5327409784937832,3515.11688850286,0.3910899964956453,True
9,5,2,9_5,0.95,2.86067030021982e-05,81881,4361,0.05326021909844775,3.09875998065101,3.09875998065101,42418.332136356825,9.7267443559635,0.11694565466636092,40713.80259313791,9.335886859238228,-9.98539767104357,0.5846900195070442,1704.529543218916,0.3908574967252731,True
9,6,1,9_6,0.7,4.385807177110297e-06,190584,70511,0.36997334508668095,3.1814280554081718,3.1814280554081718,822066.6876602776,11.658701304197608,0.2808072499326346,794229.1828687516,11.263904679677662,-11.878721570574006,0.5655950040512058,27837.504791526007,0.39479662451994735,True
9,6,1,9_6,0.75,5.262968612532356e-06,190584,50711,0.2660821475045124,3.197410984112799,3.197410984112799,582517.9746586855,11.48701415193322,0.26528761018319497,561641.0244455225,11.075329306176618,-11.699734309974987,0.5750776905160266,20876.950213163043,0.41168484575660197,True
9,6,1,9_6,0.8,5.262968612532356e-06,190584,50711,0.2660821475045124,3.197410984112799,3.197410984112799,582517.9746586855,11.48701415193322,0.26528761018319497,561641.0244455225,11.075329306176618,-11.699734309974987,0.5750776905160266,20876.950213163043,0.41168484575660197,True
9,6,1,9_6,0.85,6.140130047954416e-06,190584,37258,0.19549385048062795,3.1493842427392273,3.1493842427392273,421037.6248453392,11.300596512033367,0.24300821300123462,405597.2116795793,10.886177778720793,-11.535415109639683,0.5902107770889444,15440.413165759936,0.41441873331257545,True
9,6,1,9_6,0.9,7.894452918798534e-06,190584,21986,0.11536120555765436,3.002628827343928,3.002628827343928,240625.0576746891,10.944467282574779,0.2047666696988993,231762.87671175765,10.54138436785944,-11.250006551428305,0.623381903707505,8862.180962931452,0.4030829147153394,True
9,6,1,9_6,0.95,1.1403098660486772e-05,190584,10276,0.05391848213910926,2.7398285630001222,2.7398285630001222,106465.96474032439,10.36064273455862,0.13341767224601012,102810.01338997616,10.004867009534465,-10.806856153197716,0.6710366138039005,3655.9513503482303,0.35577572502415633,True
9,6,2,9_6,0.7,3.5354678131010293e-06,258923,80441,0.31067537453219685,3.0284189044023817,3.0284189044023817,946543.3539612538,11.7669267408567,0.20463445258015192,918224.6289936,11.414883318128815,-12.05967011610221,0.5724948772108374,28318.724967653747,0.35204342272788436,True
9,6,2,9_6,0.75,3.5354678131010293e-06,258923,80441,0.31067537453219685,3.0284189044023817,3.0284189044023817,946543.3539612538,11.7669267408567,0.20463445258015192,918224.6289936,11.414883318128815,-12.05967011610221,0.5724948772108374,28318.724967653747,0.35204342272788436,True
9,6,2,9_6,0.8,4.040534643544034e-06,258923,63980,0.24710048933466705,3.056331705253702,3.056331705253702,745607.2027940198,11.6537543418884,0.19406064395123476,722077.1397014596,11.285982177265701,-11.93283067206848,0.5774563321538231,23530.063092560275,0.3677721646226989,True
9,6,2,9_6,0.85,5.050668304430042e-06,258923,42110,0.162635223599294,3.04382139956208,3.04382139956208,480960.701306637,11.421531733712587,0.1761814295891712,464713.1759075474,11.035696411957906,-11.706710443093852,0.5960616745434693,16247.525399089616,0.385835321754681,True
9,6,2,9_6,0.9,6.060801965316051e-06,258923,28972,0.11189426972497615,2.960712326677248,2.960712326677248,323818.8139591041,11.176957543804505,0.1520433522021262,312715.426607555,10.79371208779356,-11.503649704609296,0.619055290951199,11103.387351549114,0.38324545601094556,True
9,6,2,9_6,0.95,8.586136117531072e-06,258923,14076,0.0543636525144541,2.7330729425447178,2.7330729425447178,149743.9799256943,10.638248076562538,0.1097612958226769,144857.4564740442,10.291095231176769,-11.088351976383207,0.6654577646699483,4886.523451650108,0.3471528453857707,True
10,1,1,10_1,0.7,5.470998238338567e-06,138695,58277,0.42018097263780235,3.5077233631688305,3.5077233631688305,678149.4432078858,11.636656712045676,0.3631106611527704,652865.7698908369,11.202803333919675,-11.717281397125502,0.5199750344920633,25283.67331704893,0.4338533781260005,True
10,1,1,10_1,0.75,6.838747797923209e-06,138695,37116,0.26760878185947584,3.481545090594612,3.481545090594612,423078.3267982553,11.39881255518524,0.32632826813234184,406690.33646289515,10.957278167445176,-11.489931168603933,0.5312014365541411,16387.99033536017,0.44153438774006276,True
10,1,1,10_1,0.8,6.838747797923209e-06,138695,37116,0.26760878185947584,3.481545090594612,3.481545090594612,423078.3267982553,11.39881255518524,0.32632826813234184,406690.33646289515,10.957278167445176,-11.489931168603933,0.5312014365541411,16387.99033536017,0.44153438774006276,True
10,1,1,10_1,0.85,8.20649735750785e-06,138695,25004,0.18028047153826743,3.4046833981572586,3.4046833981572586,279348.37479462463,11.172147448193273,0.2949928011518157,268261.5848479513,10.728746794430943,-11.294729196479125,0.5496332831151124,11086.789946673322,0.4434006537623309,True
10,1,1,10_1,0.9,9.574246917092492e-06,138695,17628,0.12709903024622374,3.295111007175942,3.295111007175942,193053.14980921155,10.951506115793713,0.2666212843203994,185346.38871882582,10.514317490289642,-11.12072490431111,0.5708457925677278,7706.761090385728,0.43718862550406895,True
10,1,1,10_1,0.95,1.3677495595846418e-05,138695,7767,0.05600057680522009,2.956194365973599,2.956194365973599,80462.725993295,10.359563022182954,0.17934852581434274,77430.1895399282,9.969124441860203,-10.688562086399953,0.6268847226757375,3032.5364533668035,0.39043858032275053,True
10,1,2,10_1,0.7,6.571586758909839e-06,121088,46665,0.3853808800211416,3.581333590569822,3.581333590569822,536351.8652862788,11.493664744161123,0.3729776063430837,515284.35624712525,11.04220199822405,-11.545358583202393,0.5178781840213654,21067.50903915352,0.4514627459370732,True
10,1,2,10_1,0.75,6.571586758909839e-06,121088,46665,0.3853808800211416,3.581333590569822,3.581333590569822,536351.8652862788,11.493664744161123,0.3729776063430837,515284.35624712525,11.04220199822405,-11.545358583202393,0.5178781840213654,21067.50903915352,0.4514627459370732,True
10,1,2,10_1,0.8,8.2144834486373e-06,121088,29260,0.24164244186046513,3.533621876104956,3.533621876104956,329016.1079821903,11.244569650792561,0.3406015037593985,315550.38598617224,10.784360423314157,-11.314919800191845,0.5341907638294353,13465.721996018081,0.4602092274784033,True
10,1,2,10_1,0.85,9.85738013836476e-06,121088,19294,0.15933866279069767,3.402448767702449,3.402448767702449,211993.53310999385,10.987536701046638,0.29905670156525344,203258.98033434746,10.534828461404969,-11.111048163989242,0.5574306084205327,8734.552775646385,0.45270823964167023,True
10,1,2,10_1,0.9,1.150027682809222e-05,121088,13524,0.11168736786469345,3.2743789234590306,3.2743789234590306,145452.8648853234,10.755165992703592,0.268041999408459,139454.54615467275,10.311634587006266,-10.933458978249494,0.5812443892033067,5998.318730650644,0.4435314056973266,True
10,1,2,10_1,0.95,1.4786070207547138e-05,121088,7594,0.06271471987315011,3.035942899791702,3.035942899791702,78534.19518667436,10.341611164955802,0.20634711614432447,75380.62289471341,9.926339596354149,-10.630652111949749,0.6238960518285193,3153.5722919609543,0.4152715686016532,True
10,2,1,10_2,0.7,7.116769100696589e-06,118625,43656,0.3680168598524763,3.3891822327488184,3.3891822327488184,493550.9261927225,11.30545460401142,0.28561938794209274,477661.4099214902,10.941483643061439,-11.43450345864857,0.49433942798659475,15889.516271232336,0.3639709609499802,True
10,2,1,10_2,0.75,8.540122920835907e-06,118625,31187,0.2629041095890411,3.4778531982726766,3.4778531982726766,348500.7699571166,11.174552536541398,0.27126687401802035,336363.38174530945,10.785371524843988,-11.267159997110037,0.49399252575244457,12137.38821180712,0.3891810116974098,True
10,2,1,10_2,0.8,8.540122920835907e-06,118625,31187,0.2629041095890411,3.4778531982726766,3.4778531982726766,348500.7699571166,11.174552536541398,0.27126687401802035,336363.38174530945,10.785371524843988,-11.267159997110037,0.49399252575244457,12137.38821180712,0.3891810116974098,True
10,2,1,10_2,0.85,9.963476740975225e-06,118625,22727,0.19158693361433088,3.502170007259073,3.502170007259073,250771.75741261628,11.03408973523194,0.25647907774893297,241523.02290614214,10.627140533556657,-11.11693137695082,0.501667296069749,9248.734506474138,0.4069492016752822,True
10,2,1,10_2,0.9,1.281018438125386e-05,118625,12879,0.10856902002107481,3.425617954690283,3.425617954690283,138308.74383970042,10.739090289595497,0.21740818386520694,132864.28392949203,10.316350953450735,-10.853003970992448,0.5292119851021246,5444.4599102083885,0.4227393361447619,True
10,2,1,10_2,0.95,1.7080245841671814e-05,118625,6495,0.05475237091675448,3.2246584479132774,3.2246584479132774,67078.30867697945,10.327684168895988,0.17274826789838338,64311.79170528119,9.90173852275307,-10.528080771616949,0.5796724655310725,2766.5169716982564,0.42594564614291863,True
10,2,2,10_2,0.7,8.793930077703166e-06,104112,33370,0.3205202090056862,3.5495286471081022,3.5495286471081022,373247.72042868123,11.185127972091136,0.31198681450404553,359828.2000727002,10.782984718990118,-11.249219474277943,0.48900340544453763,13419.520355981018,0.4021432531010194,True
10,2,2,10_2,0.75,8.793930077703166e-06,104112,33370,0.3205202090056862,3.5495286471081022,3.5495286471081022,373247.72042868123,11.185127972091136,0.31198681450404553,359828.2000727002,10.782984718990118,-11.249219474277943,0.48900340544453763,13419.520355981018,0.4021432531010194,True
10,2,2,10_2,0.8,1.05527160932438e-05,104112,22959,0.22052213001383125,3.5788593437192224,3.5788593437192224,252978.47405139508,11.018706130554252,0.2899516529465569,243325.23598772942,10.598250620137176,-11.07135894421982,0.49614674114181256,9653.23806366566,0.4204555104170765,True
10,2,2,10_2,0.85,1.2311502108784432e-05,104112,16302,0.15658137390502536,3.5512500168838623,3.5512500168838623,176870.1029544323,10.849595322931684,0.2665930560667403,169820.31383607944,10.417145984301278,-10.913011881171892,0.5101058201401018,7049.78911835287,0.43244933863040547,True
10,2,2,10_2,0.9,1.4070288124325065e-05,104112,11956,0.11483786691255571,3.494311055262999,3.494311055262999,127744.4255539751,10.684545462861752,0.25217464034794246,122475.5735757397,10.243858612892247,-10.77053290194433,0.5278711544316507,5268.851978235398,0.4406868499695047,True
10,2,2,10_2,0.95,1.9346646170946964e-05,104112,5512,0.052942984478254185,3.2209090489728482,3.2209090489728482,56225.93868627635,10.200641996784533,0.18359941944847605,53838.569362915754,9.767519840877315,-10.402725403195728,0.5865873201353915,2387.3693233605954,0.4331221559072198,True
10,3,1,10_3,0.7,6.863493353393036e-06,134920,43557,0.3228357545211977,3.4540525923806733,3.4540525923806733,495658.8658920245,11.3795455585101,0.3065408545124779,478283.6490723336,10.980637993257883,-11.481804781163062,0.5057023101621917,17375.21681969089,0.3989075652522187,True
10,3,1,10_3,0.75,6.863493353393036e-06,134920,43557,0.3228357545211977,3.4540525923806733,3.4540525923806733,495658.8658920245,11.3795455585101,0.3065408545124779,478283.6490723336,10.980637993257883,-11.481804781163062,0.5057023101621917,17375.21681969089,0.3989075652522187,True
10,3,1,10_3,0.8,8.236192024071644e-06,134920,30205,0.22387340646308923,3.467328473234458,3.467328473234458,338441.33936332306,11.204811765049596,0.2876676047012084,325981.40500243235,10.792299453813353,-11.301675789533661,0.5127714395072263,12459.934360890707,0.4125123112362426,True
10,3,1,10_3,0.85,9.608890694750252e-06,134920,21516,0.1594722798695523,3.4106807492684017,3.4106807492684017,237061.35940621793,11.017910364668987,0.25906302286670385,228170.58683636034,10.604693569267537,-11.138001188477057,0.525349633592246,8890.772569857596,0.4132167954014499,True
10,3,1,10_3,0.9,1.0981589365428858e-05,134920,15942,0.1181589089831011,3.345611387083869,3.345611387083869,172899.09472743503,10.84550838837254,0.23416133483879062,166316.1028438354,10.432574510339693,-10.992962301016956,0.5397132620293271,6582.991883599636,0.4129338780328463,True
10,3,1,10_3,0.95,1.509968537746468e-05,134920,7688,0.056981915209012746,3.1240701020389667,3.1240701020389667,79827.3985584724,10.38337650344334,0.1755983350676379,76762.72435255744,9.984745623381562,-10.630042395881846,0.5840804437418632,3064.6742059149547,0.3986308800617787,True
10,3,2,10_3,0.7,7.540653548443043e-06,108576,45119,0.4155522399056882,3.611453479909782,3.611453479909782,513101.39589644736,11.372180143541465,0.36738402890134975,493759.8799408392,10.943502292622602,-11.412273188357595,0.4956807420619692,19341.515955608163,0.4286778509188626,True
10,3,2,10_3,0.75,9.425816935553805e-06,108576,28543,0.2628849837901562,3.6166637007419498,3.6166637007419498,318305.6053998051,11.151792222254322,0.33363696878394,305703.33893017663,10.71027358477303,-11.189892112603172,0.5037630590217497,12602.266469628492,0.4415186374812911,True
10,3,2,10_3,0.8,9.425816935553805e-06,108576,28543,0.2628849837901562,3.6166637007419498,3.6166637007419498,318305.6053998051,11.151792222254322,0.33363696878394,305703.33893017663,10.71027358477303,-11.189892112603172,0.5037630590217497,12602.266469628492,0.4415186374812911,True
10,3,2,10_3,0.85,1.1310980322664566e-05,108576,19020,0.17517683465959327,3.5563110088753525,3.5563110088753525,208023.89103785995,10.937113093473183,0.30772870662460566,199496.01230571428,10.488749332582243,-10.998547886396313,0.5206748669025592,8527.878732145677,0.4483637608909399,True
10,3,2,10_3,0.9,1.3196143709775325e-05,108576,13167,0.12126989389920424,3.433508128863429,3.433508128863429,141071.1118527666,10.713990419440009,0.2704488493962178,135258.91168229457,10.272568670334515,-10.824656528754202,0.5416197700399475,5812.2001704720315,0.44142174910549337,True
10,3,2,10_3,0.95,1.885163387110761e-05,108576,5659,0.052120173887415265,3.1108544722712552,3.1108544722712552,57451.65064485447,10.152261997677057,0.19791482594097898,55108.43744556824,9.738193575820505,-10.405169169002798,0.6007497120684904,2343.213199286227,0.41406842185655185,True
10,4,1,10_4,0.7,8.454139463711662e-06,96823,33975,0.35089803042665485,3.6342948796082424,3.6342948796082424,382893.55070627783,11.269861683775654,0.39140544518027964,366708.1516334824,10.793470246754449,-11.301246135464663,0.525632009384695,16185.399072795408,0.47639143702120407,True
10,4,1,10_4,0.75,8.454139463711662e-06,96823,33975,0.35089803042665485,3.6342948796082424,3.6342948796082424,382893.55070627783,11.269861683775654,0.39140544518027964,366708.1516334824,10.793470246754449,-11.301246135464663,0.525632009384695,16185.399072795408,0.47639143702120407,True
10,4,1,10_4,0.8,1.056767432963958e-05,96823,20677,0.21355463061462668,3.4962423595686465,3.4962423595686465,226865.87757452973,10.971895225348442,0.34211926294917056,217160.02703293628,10.50249199753041,-11.057108680368925,0.5492725365200002,9705.850541593449,0.46940322781803206,True
10,4,1,10_4,0.85,1.056767432963958e-05,96823,20677,0.21355463061462668,3.4962423595686465,3.4962423595686465,226865.87757452973,10.971895225348442,0.34211926294917056,217160.02703293628,10.50249199753041,-11.057108680368925,0.5492725365200002,9705.850541593449,0.46940322781803206,True
10,4,1,10_4,0.9,1.2681209195567495e-05,96823,13603,0.14049347778936822,3.3440798112667456,3.3440798112667456,145561.28932410158,10.700675536580283,0.30471219583915315,139324.9966102104,10.242225730369066,-10.848782616269949,0.5759694775680227,6236.292713891191,0.45844980621121745,True
10,4,1,10_4,0.95,1.9021813793351242e-05,96823,5487,0.056670419218574096,2.98878571750204,2.98878571750204,55169.74945451382,10.054629023968255,0.20375432841261162,52859.06568573482,9.633509328546532,-10.367104763684917,0.6440220020687425,2310.6837687789957,0.4211196954217233,True
10,4,2,10_4,0.7,9.034525438965004e-06,91829,31243,0.340230210499951,3.6491573349458086,3.6491573349458086,350272.1539239064,11.211220238898518,0.39480843708990815,335179.33305073483,10.728141761378064,-11.236978636281815,0.527629671936531,15092.820873171557,0.4830784775204544,True
10,4,2,10_4,0.75,9.034525438965004e-06,91829,31243,0.340230210499951,3.6491573349458086,3.6491573349458086,350272.1539239064,11.211220238898518,0.39480843708990815,335179.33305073483,10.728141761378064,-11.236978636281815,0.527629671936531,15092.820873171557,0.4830784775204544,True
10,4,2,10_4,0.8,1.1293156798706255e-05,91829,18908,0.2059044528416949,3.4963154495045763,3.4963154495045763,206201.93207455456,10.905539035040965,0.35143854453141526,197222.16908773044,10.430620324081364,-10.990723210506264,0.5535447540022865,8979.76298682412,0.4749187109596002,True
10,4,2,10_4,0.85,1.1293156798706255e-05,91829,18908,0.2059044528416949,3.4963154495045763,3.4963154495045763,206201.93207455456,10.905539035040965,0.35143854453141526,197222.16908773044,10.430620324081364,-10.990723210506264,0.5535447540022865,8979.76298682412,0.4749187109596002,True
10,4,2,10_4,0.9,1.3551788158447508e-05,91829,12263,0.1335416916224722,3.2970639621251574,3.2970639621251574,130052.61592069746,10.605285486479447,0.2902226208921145,124520.67524028999,10.154177219301149,-10.77365371721975,0.5817008207391272,5531.940680407468,0.45110826717829794,True
10,4,2,10_4,0.95,2.032768223767126e-05,91829,5023,0.05469949580197977,2.9701646321929953,2.9701646321929953,50099.76494750532,9.97407225711832,0.20366314951224368,47989.380885265746,9.553928107757464,-10.295955148219061,0.6492196934170931,2110.384062239573,0.42014414936085465,True
10,5,1,10_5,0.7,1.1027577213717203e-05,62927,26713,0.42450776296343384,3.4694080233739917,3.4694080233739917,291549.2750172274,10.914134504444554,0.35522030472054805,279817.1367388837,10.474942415261621,-11.010156049179512,0.5320517117960664,11732.138278343715,0.43919208918293395,True
10,5,1,10_5,0.75,1.3784471517146503e-05,62927,17224,0.27371398604732466,3.4696924117058465,3.4696924117058465,184144.41483197972,10.69115274221898,0.3235020901068277,176246.65004710515,10.232620183877447,-10.78705912900731,0.5467326166078734,7897.764784874569,0.4585325583415333,True
10,5,1,10_5,0.8,1.3784471517146503e-05,62927,17224,0.27371398604732466,3.4696924117058465,3.4696924117058465,184144.41483197972,10.69115274221898,0.3235020901068277,176246.65004710515,10.232620183877447,-10.78705912900731,0.5467326166078734,7897.764784874569,0.4585325583415333,True
10,5,1,10_5,0.85,1.6541365820575803e-05,62927,11652,0.18516693946954407,3.4026044822382033,3.4026044822382033,121996.26120087138,10.469984655069634,0.2976313079299691,116523.28226986172,10.00028169154323,-10.593431305188028,0.5709358910718085,5472.978931009653,0.46970296352640345,True
10,5,1,10_5,0.9,1.9298260124005107e-05,62927,8184,0.13005546108983426,3.280829725550423,3.280829725550423,83817.23777860773,10.24159796903809,0.2647849462365591,79990.38517006159,9.773996232900977,-10.417058677557538,0.599654659723608,3826.8526085461344,0.4676017361371132,True
10,5,1,10_5,0.95,2.7568943034293007e-05,62927,3608,0.05733627854498069,2.9370262250073984,2.9370262250073984,34794.53931684425,9.643719322850403,0.17682926829268292,33195.89636627698,9.200636465154375,-9.982565399535577,0.6821394395619063,1598.6429505672713,0.4430828576960286,True
10,5,2,10_5,0.7,1.2852107584992594e-05,56212,22300,0.3967124457411229,3.536974667356508,3.536974667356508,240813.34630129393,10.798804766874168,0.3673542600896861,230638.112534756,10.342516257163945,-10.867832471582197,0.5305447554074678,10175.233766537945,0.4562885097102218,True
10,5,2,10_5,0.75,1.6065134481240742e-05,56212,14108,0.25097843876752296,3.5005814142725424,3.5005814142725424,148916.64792454237,10.555475469559283,0.3283952367451092,142266.83412796631,10.084124902747824,-10.638952199015328,0.5498354944103475,6649.813796576054,0.4713505668114583,True
10,5,2,10_5,0.8,1.6065134481240742e-05,56212,14108,0.25097843876752296,3.5005814142725424,3.5005814142725424,148916.64792454237,10.555475469559283,0.3283952367451092,142266.83412796631,10.084124902747824,-10.638952199015328,0.5498354944103475,6649.813796576054,0.4713505668114583,True
10,5,2,10_5,0.85,1.927816137748889e-05,56212,9475,0.16855831495054438,3.4205552439192557,3.4205552439192557,97852.17411052497,10.327406238577833,0.29730870712401053,93272.81690123703,9.844096770579107,-10.443409285090429,0.5776777864875688,4579.357209287933,0.4833094679987264,True
10,5,2,10_5,0.9,2.249118827373704e-05,56212,6658,0.11844446025759624,3.3053570289408505,3.3053570289408505,67271.43479439567,10.103850224451136,0.2709522379092821,64026.5466546521,9.616483426652463,-10.268614666747416,0.6100369044395664,3244.888139743569,0.4873667977986736,True
10,5,2,10_5,0.95,3.2130268962481484e-05,56212,2893,0.051465879171707106,2.9273097436779745,2.9273097436779745,27434.258739111232,9.482979170104125,0.1932250259246457,26092.284860449112,9.019109872260323,-9.826854054783606,0.7060326563210011,1341.9738786621201,0.4638692978438023,True
10,6,1,10_6,0.7,1.088755334901141e-05,74842,29458,0.3936025226477112,3.760761645996734,3.760761645996734,326429.34249605425,11.081178032997972,0.3745671803924231,313349.8185942579,10.637172197510282,-11.06567143264404,0.4791501007206394,13079.523901796376,0.4440058354876901,True
10,6,1,10_6,0.75,1.088755334901141e-05,74842,29458,0.3936025226477112,3.760761645996734,3.760761645996734,326429.34249605425,11.081178032997972,0.3745671803924231,313349.8185942579,10.637172197510282,-11.06567143264404,0.4791501007206394,13079.523901796376,0.4440058354876901,True
10,6,1,10_6,0.8,1.3609441686264262e-05,74842,18424,0.24617193554421316,3.8089446231872057,3.8089446231872057,200481.67727364192,10.881550003997065,0.3517151541467651,191746.77938389138,10.407445689529492,-10.848741170135783,0.4913727403678701,8734.897889750544,0.47410431446757184,True
10,6,1,10_6,0.85,1.6331330023517114e-05,74842,11944,0.1595895352876727,3.72607029124389,3.72607029124389,127304.62148342706,10.65845792727956,0.3261051574012056,121479.38312867346,10.170745405950559,-10.655596808848333,0.5161170517883442,5825.238354753601,0.4877125213290021,True
10,6,1,10_6,0.9,1.905321836076997e-05,74842,8049,0.10754656476310093,3.562853779149586,3.562853779149586,83864.18821011524,10.41920589018701,0.2852528264380668,79964.77049261464,9.934745992373543,-10.478084495095967,0.5464945774389747,3899.4177175006043,0.48445989781346804,True
10,6,1,10_6,0.95,2.4496995035275672e-05,74842,4286,0.05726730979931055,3.294905066491331,3.294905066491331,42911.01927743309,10.011903704487423,0.23425104993000467,40850.56068668025,9.531162082753207,-10.18121222719374,0.6071623789538507,2060.4585907528453,0.480741621734215,True
10,6,2,10_6,0.7,1.4467017009595249e-05,60679,20732,0.3416668040013843,4.00744912029389,4.00744912029389,226232.22250115254,10.912223736308729,0.41462473470962763,215828.92065402493,10.410424496142433,-10.811131485193153,0.4771739698421968,10403.301847127615,0.5017992401662944,True
10,6,2,10_6,0.75,1.4467017009595249e-05,60679,20732,0.3416668040013843,4.00744912029389,4.00744912029389,226232.22250115254,10.912223736308729,0.41462473470962763,215828.92065402493,10.410424496142433,-10.811131485193153,0.4771739698421968,10403.301847127615,0.5017992401662944,True
10,6,2,10_6,0.8,1.5913718710560038e-05,60679,12136,0.200003296033224,3.1154409646236543,3.1154409646236543,125302.7147089658,10.324877612802059,0.23686167289692256,121743.34589570003,10.031587499645685,-10.575614328123763,0.5051686508593388,3559.36881326577,0.2932901131563752,True
10,6,2,10_6,0.85,1.8083771261994062e-05,60679,12136,0.200003296033224,3.8995482606116108,3.8995482606116108,129129.09439154057,10.640169280779546,0.3754119973632169,122862.39731710243,10.123796746630061,-10.575614328123763,0.5051686508593388,6266.69707443814,0.5163725341494841,True
10,6,2,10_6,0.9,2.1700525514392875e-05,60679,7580,0.12491965919016464,3.703780351808693,3.703780351808693,78551.33136702358,10.36297247586063,0.3387862796833773,74631.55197903237,9.845851184568915,-10.368321551819294,0.5423332531628469,3919.779387991206,0.5171212912917158,True
10,6,2,10_6,0.95,2.8934034019190498e-05,60679,3544,0.058405708729543995,3.2752314859670815,3.2752314859670815,34848.357868767416,9.833058089381325,0.2502821670428894,33118.21855917332,9.344869796606467,-10.010976290081356,0.6188865108940083,1730.1393095940948,0.4881882927748575,True
